0:[2831, 1929, 2849, 4150, 1432, 3855, 3558, 1026, 4355, 818, 899]
1:[1781, 4589, 4189]
2:[3326, 3958, 3637, 614]
3:[4523, 2973, 298, 4323]
4:[3720, 335, 2594, 32, 61, 1494, 2286, 4454, 2256, 1593, 3363, 1684, 4078, 4133, 4616, 2303]
5:[4202, 738, 2235, 1873, 261, 2726, 2970, 307, 2724, 647, 611, 4519]
6:[4554, 205, 3705, 4718, 1696, 1411, 1614]
7:[1616, 4276, 1099, 428, 2583, 4230, 4115, 3863]
8:[1970, 1631, 3022, 4677, 2207, 1895, 2140, 3924, 3280, 406, 2870, 148, 4560, 4570, 370, 4108, 1730, 3696, 3987, 1465, 3684, 1777, 1995, 2796, 709, 2701, 4606]
9:[1111, 2821, 3314, 424, 3857, 2444]
10:[570, 4609, 129, 795, 3917, 3403, 2106, 4185, 421, 4585, 2373, 2651, 4641, 1298, 1901, 2942, 195, 2355, 676, 3344, 4587, 2865, 4050, 1884, 3289, 971, 597, 2916, 4262, 3495, 3698, 2875, 1324, 3409, 743, 2790, 2859, 4637, 2668, 2545, 2641, 2427, 804, 4468, 3024, 427, 2494, 3774, 3836, 1356, 3811, 3159, 544, 3474, 226, 4043, 1346, 3099, 52, 742, 1758, 914, 1054, 4295, 879, 452, 4540, 957, 3904, 2764, 678, 2728, 117, 2558, 1650, 3077, 3867, 1822, 4219, 3111, 1149, 4364, 2750, 3216, 3622, 3189, 4316, 371, 571, 2551, 3406, 2225, 2167, 2315, 1745, 4249, 3279, 3072]
11:[4294, 2211, 2962]
12:[4692, 1010, 768, 4404, 3321, 3439, 1191, 2327, 1867, 1159, 4521, 539, 2083, 3886, 1563, 2756, 2417, 2519, 3041, 4002, 2744, 4030, 4130, 4456, 1204, 4240, 2554, 3542, 2955, 1381, 45, 2665, 1455, 1698, 2039, 3810, 2730, 1344, 4577, 4275, 1911, 682, 3882, 996, 4216, 3331, 2556, 2647, 3896, 1259, 699, 3243, 2733, 989, 409, 4063, 4297, 2194, 1140, 2193]
13:[1762, 2605, 1311, 4239, 550, 4423, 4632, 3139, 732, 3920, 987, 4603, 564, 2573, 439, 4075, 2242, 3205, 3948, 4374, 998, 4726, 962, 270, 159, 3362, 3852, 4607, 3040, 1096, 3713, 3366, 2907, 3339, 1094, 4738, 972]
14:[976, 3692, 4697, 1800]
15:[509, 4686, 1621, 3709, 1005, 2621, 3102, 2788, 1542, 1317, 3816, 4466, 2375, 2776, 3191, 3433, 1828, 3445, 1729, 2501, 540, 1827, 3868, 625, 2057, 1320, 3807, 3706, 2737, 2982, 2740, 3631, 3300, 1701, 1766, 3555, 620, 1803, 2298, 3179, 630, 1366, 2056, 4730, 1936, 1195, 798, 4403, 3570, 3685, 2149, 1304, 1518, 2671, 1322, 113, 2147, 3688, 4614, 4489, 1260, 87, 4502, 2267, 2638, 1788, 2169, 2997, 3392, 3336, 530, 3220, 3254, 4131, 4238, 3517, 1639, 4065, 200, 1931, 2034, 4662, 3347, 167, 3092, 2449, 4105, 4583, 3067, 873]
16:[1879, 1838, 1313, 775, 1537, 769, 1882, 954, 1243, 667, 955, 77, 2363, 4711, 4305, 2596, 3576, 1083, 1321, 4287, 1945, 9, 2252, 643, 1770, 2291, 1683, 1069, 1952, 3437, 3251, 27, 4397]
17:[2455, 3946, 4624, 2711, 4337]
18:[4618, 1109, 1070, 2769]
19:[2334, 835, 1423, 1752]
20:[3335, 3915, 3733, 2459, 600, 3340, 4561, 3095, 3075, 3193, 928]
21:[4036, 1367, 875, 1983]
22:[3257, 1093, 537, 2960, 959, 1403]
23:[4473, 1292, 37, 4448, 1954, 2825, 112, 3033, 1108, 3150, 4064, 1815]
24:[1454, 3783, 2249]
25:[526, 3955, 4321]
26:[4471, 2409, 2571, 3782, 811, 3999, 2239, 1750, 2279, 3990, 3423]
27:[3952, 339, 4327, 4209, 1833]
28:[1179, 3902, 3157, 654, 3658, 1452, 2572, 4665, 1314, 3027, 3892, 355, 1449, 3910, 941, 4705, 1793, 4018, 651, 1176, 3975, 1025, 2418, 3785, 405, 3399, 1228, 3274, 2485, 3383, 1747, 1386, 1288, 289, 3212, 706, 2999, 441, 4138, 1181, 1807, 2317, 4122, 2716, 4495, 3670, 3297, 484, 3029, 2300, 1212, 4605]
29:[4623, 2020, 1240, 1016]
30:[1019, 1517, 4425, 2482, 3377]
31:[3100, 456, 3547]
32:[2734, 111, 1290]
33:[216, 350, 170, 3050, 2846, 4591]
34:[3361, 3822, 760, 3185, 2172]
35:[817, 940, 1708]
36:[2105, 2705, 2433, 3981, 945, 4182, 91, 3983, 4427, 2176, 303, 2753, 2059, 2559, 893]
37:[3164, 4118, 1343, 459, 2012, 236, 587, 3800]
38:[3500, 2913, 2343, 4643, 4040, 4293, 3729, 749, 1662, 2851, 574]
39:[3214, 1854, 1975]
40:[4411, 3561, 1434, 2191, 4653, 535, 4326, 1725]
41:[3420, 482, 1406, 3488, 2421, 4382, 2393, 1520, 4269, 127, 1151, 3750, 1316, 2186, 68, 4126, 3158, 3135, 4503, 3137, 689, 1318, 1206, 3916, 2991, 2271, 325, 663, 3699, 607]
42:[365, 287, 4235]
43:[1326, 3579, 76]
44:[152, 1164, 4278, 921, 2052, 1208, 4003, 2579, 3679, 3672, 95, 3367, 2936, 528, 2098, 1749, 2649, 675, 1780, 1142, 4135, 1868, 1511, 666, 396, 151, 390, 2603, 1502, 3930, 2071, 1928, 3944, 4257, 380, 23, 34, 1231, 2752, 4049, 1965, 2909, 2906, 342, 1934, 1958, 4348, 413, 2692, 2650, 1647, 119, 534, 3839, 3850, 1165, 2731, 1688, 3259, 4277, 4362, 1294, 4091, 2689, 951, 3454, 814, 206, 852, 4013, 592, 4221, 593, 1595, 156, 2903, 4324, 223, 3669, 4547, 2880, 2868, 2707, 3320, 3842, 2840, 1385, 3154, 765, 1802, 3546, 980, 1953, 1573, 677, 2504, 2553, 1918, 1495, 1736, 4433, 612, 3053, 3577, 598, 3168, 2160, 2448]
45:[3490, 3010, 923, 1018, 1773, 3484]
46:[232, 2782, 1116, 2135, 2428]
47:[3302, 1130, 1871, 1330, 1597, 4098, 3247, 4090, 4194, 1153, 691, 475, 1101, 617, 3656, 4042, 198, 541, 3035, 297, 2981, 710, 1136, 2326, 581, 3370, 1666, 1735, 179, 3074, 2819, 4371, 1293, 3841, 2306, 4715, 1021, 2956, 1883, 4068, 578, 1114, 2833, 1789, 3862, 1717, 974, 1947, 4685, 561, 3323, 3059, 750, 1476, 2234, 874, 4173, 3556, 4123, 3064, 1331, 437, 2387, 201, 1266, 2786, 3131, 4562, 161, 1643, 2400, 425, 1137, 1405, 805, 1248, 3381, 3482, 0, 3271, 1145, 2748, 1765, 1089, 2686, 4418, 4409, 212, 1008, 4212, 2468, 2520, 2288, 1538, 1050, 3325, 1285, 4258, 3600, 2681, 423, 1503, 513, 618, 757, 889, 4475, 3391]
48:[2438, 4413, 555, 1685, 4146]
49:[632, 2117, 4073, 2679, 2857, 78, 1556, 2008, 3272, 2330, 1132, 2931, 3431, 2102, 1198, 4651, 254, 1948, 3120, 3142, 2968, 4201, 2856, 1491, 2366, 4285, 4604, 3899, 4595, 1932, 2333, 2214, 3267, 2618, 1221, 196, 3638, 1759, 2170, 3042, 1966, 4598, 1057, 3256, 1475, 4741, 4328, 4574, 1150]
50:[3364, 2450, 4416, 4229, 1937, 3587, 4695, 2525, 881, 606, 3253, 2092, 2502, 1113, 604, 3728, 3961, 3338, 4151, 4228, 2390, 1630, 1135, 2067, 3918, 918, 4266, 4470, 3530, 3599, 160, 294]
51:[2881, 2610, 3322]
52:[3615, 2430, 1453]
53:[455, 3073, 3712, 1969, 2181]
54:[2285, 3543, 2512, 4672, 952, 1776, 721, 3244, 2369, 3246, 1097, 1155, 1809]
55:[1973, 2437, 1804, 3143, 1919]
56:[2038, 1244, 1656, 2357]
57:[3290, 2458, 2173, 1731, 3772]
58:[1203, 1477, 3580, 4572, 499, 3372, 35, 326, 3770]
59:[2048, 1034, 2064, 4394]
60:[2721, 1031, 717, 3792, 4386, 3080, 1746, 4117, 1104, 3752, 3, 2751, 432, 2841, 4709, 856, 3607, 1580, 1612, 4467, 4310, 2072, 4045, 268, 3840, 202, 3245, 3831, 2009, 508, 2420, 3122, 2992, 1424, 3663, 2431, 4331, 3895]
61:[2436, 1963, 714, 274, 3786, 1719]
62:[2899, 527, 3275, 3982, 2037, 2996, 345]
63:[1349, 4263, 357, 594, 4273]
64:[4, 1842, 193, 3374, 3726, 1821, 2024, 2353, 145, 2301, 2118, 3197, 3880, 3551, 3313, 3559, 1894, 3645, 2877, 2107, 2714]
65:[81, 1676, 2403, 1599, 2119, 4449, 2096, 4116, 3170, 97, 3744, 2469, 1419, 4678]
66:[3666, 3634, 381, 2710, 4039, 1394]
67:[1270, 2122, 519, 2963, 2951, 1271, 803, 3310, 2043, 778]
68:[2669, 542, 665]
69:[1383, 2342, 1334, 4354, 2406, 3410]
70:[2138, 2222, 2884, 2625]
71:[4556, 281, 2722, 3241, 897, 114, 2320, 2768, 1695]
72:[966, 2528, 554, 471, 397, 1245, 1461]
73:[1834, 1659, 4062]
74:[4059, 956, 2927]
75:[2044, 2049, 4125]
76:[1222, 1483, 1923, 2087, 2935, 1861, 4543, 2133, 3003, 2344, 1872, 3175, 2157, 318, 3442, 3045, 930, 2781, 1250, 3553, 2855, 2323, 2498, 3329]
77:[3962, 3230, 988]
78:[2866, 3690, 1227, 1594, 4453, 493, 515, 121, 1263, 701, 2813, 177, 3761]
79:[3540, 3434, 3471]
80:[449, 2787, 1806, 4558, 3823, 1886, 3978, 1000, 1281, 463, 3219, 1062, 3533]
81:[2983, 904, 4072]
82:[3767, 169, 2365, 2743]
83:[4430, 1060, 1418]
84:[4244, 3057, 3865, 3652]
85:[4608, 3544, 2549]
86:[2765, 474, 1613, 415, 3292, 4000, 2130, 2398, 2082, 958, 400, 2061, 565, 733, 2524, 4435, 1990, 1058, 3266, 891, 2292, 2657, 334, 4729, 4476, 311, 518, 2188, 4179, 1436, 282, 2887, 4022, 1671, 4270, 646, 2509, 1819, 2027, 3794]
87:[435, 833, 2104, 1439, 2318, 2709, 1998, 659, 796, 3891, 4158, 4646, 1446, 3123, 1393]
88:[4107, 363, 2206, 454]
89:[3503, 1544, 3859]
90:[3849, 2240, 2389, 4283, 2986, 4647, 748, 684, 2483, 1479, 900, 2895, 4224, 2643, 4014, 854, 3906, 2321]
91:[1512, 3938, 2241, 1261, 848, 2452, 4450, 2988, 3378, 1836, 1217, 1186, 2100, 4415, 2155, 2617, 4732, 2275, 851]
92:[1122, 255, 933]
93:[1249, 708, 3860, 1798]
94:[3390, 1691, 2584, 1530, 4431]
95:[2627, 2273, 3196, 3506]
96:[222, 2412, 3813, 4188]
97:[385, 2613, 1485, 1728, 165, 3477, 4576, 2378, 4740, 1600, 2465, 983, 2472, 838]
98:[4668, 2848, 4358, 20]
99:[1877, 2995, 4357]
100:[3808, 913, 3889, 755, 680, 1327, 1596, 192, 2134, 4178, 4552, 4408, 2216, 3819, 660, 1944, 1146, 4610, 3887, 637, 4243]
101:[2626, 3796, 3735]
102:[993, 3884, 1526, 3382, 2183, 1277, 4559, 2655, 1358, 300, 1355, 2687]
103:[1527, 1638, 629]
104:[548, 4259, 3501, 4247, 3565]
105:[2030, 3309, 340]
106:[970, 4712, 30, 1187, 849, 4198, 1023, 1163]
107:[4594, 4658, 1091, 3018, 356, 1540, 2407, 4499, 3360, 846, 4196, 4542, 1723, 4417, 4699, 4174, 18, 1605, 344, 185]
108:[1499, 3711, 1085, 3207]
109:[2499, 4483, 2471, 858, 834, 2517, 4524, 2712, 1846, 1799, 2189]
110:[4041, 3984, 3030, 3757, 262]
111:[1425, 1545, 977]
112:[2264, 4368, 3103]
113:[1022, 348, 2863, 810, 4093, 3356, 4215, 260, 4274, 2633, 4445]
114:[2356, 3945, 2804]
115:[2547, 2410, 1028, 965]
116:[138, 2152, 1848, 4488, 2582]
117:[1584, 1172, 2912, 1787, 1080, 3459]
118:[4600, 2919, 2715, 1675, 912, 2108]
119:[1753, 2713, 2432, 2077, 2199]
120:[1242, 63, 4378, 314, 3707, 3295, 711, 1215, 2227, 4200]
121:[4160, 1950, 1275, 2539, 1941, 686]
122:[447, 351, 3505, 1902, 2445]
123:[473, 224, 3014, 4092, 1077]
124:[2268, 227, 56]
125:[577, 1590, 3427]
126:[4033, 1615, 1036, 4438, 2639, 2000]
127:[60, 1107, 3519, 2381]
128:[2597, 1061, 2463, 1943, 756, 237, 1007, 1488, 3492, 2178, 2552, 1390, 3771]
129:[228, 2060, 2151, 1265, 143, 3448, 2604, 1170, 4493, 2642, 3285, 2063, 3873]
130:[2874, 4231, 1942, 3228, 4392, 3227, 4367, 3046, 2557, 3273, 1048, 1669, 1913]
131:[3061, 2795, 4649, 968]
132:[3829, 2862, 2391, 1988, 3731, 2878, 2349, 3478, 2243, 124, 2566, 94]
133:[1185, 1979, 3316, 3498, 2163, 2736, 492, 3351, 947]
134:[2411, 1084, 3969, 4567, 2732, 3826, 4191]
135:[4163, 1251, 4099, 2033, 3763, 2210, 2667, 2454, 3854, 99, 1568, 82, 3687, 28, 1336, 2401, 3425, 4051, 2429, 2340, 4199, 2070, 1711, 4564, 450, 2368, 3026, 1641, 908, 1328, 934, 4207, 3065, 2871, 210, 3202, 662, 4563, 2727, 3319, 3848, 1238, 841, 2361]
136:[2653, 939, 3004, 4026, 1993, 2277]
137:[3893, 414, 894, 1938, 1598]
138:[1887, 1554, 329, 1219, 2505]
139:[3180, 1849, 426, 590, 868, 886, 1720, 819]
140:[3349, 431, 3119]
141:[233, 4579, 2197, 2281, 2405, 591, 3491, 4089]
142:[1578, 2784, 1791, 3682]
143:[4241, 2025, 3444, 2832]
144:[3768, 3702, 1620]
145:[4588, 3110, 2837, 1444, 1681]
146:[4352, 80, 658, 3991, 2187, 4234]
147:[4472, 1869, 58, 964, 4366, 199, 3211, 2047, 2175]
148:[2359, 3815, 1473]
149:[3234, 2964, 434, 910, 1128]
150:[1721, 4242, 43, 3513, 579, 4636, 1226, 4580]
151:[4599, 481, 3730, 2817, 4429, 986, 3206, 2965, 1837, 4538, 2094, 1416, 2818, 1840, 67, 1448, 2274, 4491, 2196, 3037, 2592]
152:[1147, 4083, 4345, 1924, 1673, 1523, 1351]
153:[3514, 4284, 896, 4510, 4534, 3016]
154:[2615, 943, 2994, 1732, 926]
155:[3475, 1982, 1910]
156:[584, 3348, 3200, 995]
157:[3623, 384, 3937, 855]
158:[3242, 4318, 730, 1522, 64]
159:[3898, 1396, 3371]
160:[3564, 264, 4464, 4264, 3548, 4147]
161:[3276, 824, 1972, 140, 4312]
162:[3055, 49, 44, 3650, 470, 2685, 1408, 2201, 2416, 4548, 3539, 2628, 2706, 2184, 4480]
163:[2492, 3737, 3411]
164:[3762, 3903, 2533, 2299]
165:[3874, 3972, 4693, 4292]
166:[2230, 1734, 386, 1282, 3141, 4465, 1992, 1445, 136, 4375, 387, 736, 2467, 1437, 4001, 1497, 1916, 128, 1850, 3278, 4171, 3468, 3353, 4601, 582, 2806, 3173]
167:[1039, 2775, 1610]
168:[3221, 1653, 2822, 214, 497, 2843]
169:[1997, 3817, 4648, 1119]
170:[1460, 929, 3494, 3199, 1002, 2236, 882, 2602, 4535, 4737]
171:[1348, 1049, 2632, 827, 2226, 377, 278]
172:[4246, 3346, 1138, 2269, 809, 107]
173:[1268, 2238, 3843, 2703]
174:[4079, 4664, 3446]
175:[2961, 3461, 4272, 1462, 1587, 1037]
176:[1175, 2510, 125, 1694, 2872]
177:[1757, 2018, 1029]
178:[3954, 3905, 2032, 1741]
179:[3106, 383, 1190, 4402, 4060, 1435]
180:[2697, 24, 3476]
181:[635, 4497, 346, 1013, 2257, 505]
182:[2555, 3015, 1032]
183:[3716, 3970, 1926, 3404]
184:[3689, 3535, 3721]
185:[622, 4512, 1898]
186:[702, 1940, 4168]
187:[1743, 3828, 4479]
188:[3174, 1956, 4084, 4439, 2861, 4379, 1670]
189:[3447, 523, 1354, 2835, 3149, 1340, 108]
190:[4121, 636, 2867, 3909, 3703]
191:[4633, 2858, 1870, 1291]
192:[3148, 4309, 867, 3871, 92]
193:[3502, 616, 2379, 2221, 812]
194:[1139, 822, 3025]
195:[3260, 1333, 480]
196:[3145, 2529, 4627, 1864, 1415]
197:[4074, 2146, 2934, 2496, 696, 2015, 829, 2404, 650, 3993, 3012, 101]
198:[1559, 3007, 3019, 3181]
199:[4019, 3988, 4184, 1256]
200:[1225, 25, 4679, 3000, 154, 2785]
201:[3090, 3583, 2278, 485, 4370]
202:[3586, 2587, 1510, 922]
203:[4010, 1912, 712, 4156, 4053]
204:[2933, 3644, 4377]
205:[3701, 978, 3215]
206:[1067, 2396, 2544, 885, 1504, 524, 1241, 1585]
207:[1814, 395, 292, 248, 3753, 2203, 3885, 4193]
208:[3746, 595, 4155]
209:[1412, 1808, 98, 1144]
210:[1654, 3002, 440]
211:[4639, 4396, 4400]
212:[3568, 1103, 1143, 1862, 2924, 3743, 880]
213:[4688, 3858, 3919, 1489]
214:[3151, 3172, 461, 735]
215:[3805, 808, 1429, 990]
216:[2479, 1839, 982, 780, 1478, 4070]
217:[3308, 1459, 4113]
218:[994, 1700, 3747, 1035]
219:[1353, 3412, 4661, 269, 327, 500, 1769]
220:[3432, 949, 3116]
221:[831, 4675, 1984]
222:[4719, 1086, 521, 3161, 2003, 2640, 3664]
223:[2745, 532, 1213, 3677]
224:[1006, 1974, 2153]
225:[2475, 290, 4134, 1679, 2535]
226:[644, 1207, 4631]
227:[4315, 4626, 3144]
228:[1095, 1055, 388]
229:[3213, 183, 4733]
230:[2659, 4391, 2004]
231:[2619, 1012, 3628]
232:[1283, 3194, 3298, 3593, 4722, 2585, 2259]
233:[2922, 596, 3140]
234:[4630, 888, 861, 4143, 1312, 2477, 3020, 3522, 1989]
235:[39, 2208, 4248]
236:[2828, 291, 1896]
237:[2442, 4642, 1784, 825]
238:[3787, 2185, 1123]
239:[1295, 895, 116, 1856]
240:[623, 2890, 516]
241:[557, 2341, 1539]
242:[4006, 4440, 3408]
243:[543, 19, 382]
244:[2774, 240, 4087]
245:[4176, 744, 1, 3605, 1606, 487, 4124, 1949]
246:[764, 3941, 3967, 3086]
247:[3649, 673, 2302, 2124, 3043, 2521, 3732, 3801]
248:[4549, 624, 2314, 1471, 53]
249:[2607, 863, 3626]
250:[2028, 1141, 2699]
251:[3722, 57, 392]
252:[2484, 2204, 2725, 1779]
253:[871, 3995, 3324]
254:[4451, 4389, 2217, 3788]
255:[1431, 103, 38]
256:[419, 4169, 1490, 2312]
257:[2131, 599, 2489, 2413, 3681]
258:[3375, 4162, 2148]
259:[1428, 2006, 753]
260:[4351, 4132, 2766, 362]
261:[716, 3610, 1380, 4710]
262:[869, 4127, 4170]
263:[3225, 3330, 3673, 3793]
264:[1738, 725, 1364]
265:[1843, 3252, 3655, 1687]
266:[69, 2507, 4698, 4667]
267:[4300, 4303, 3508, 4515]
268:[3659, 3765, 823, 3996]
269:[3115, 1713, 2761]
270:[718, 4346, 3479, 343]
271:[520, 2090, 2601, 2794]
272:[3695, 2852, 1608]
273:[4683, 4279, 6, 472]
274:[3518, 3725, 3094, 1362]
275:[1772, 4596, 2473]
276:[4442, 3608, 3888]
277:[4251, 3790, 2443]
278:[1072, 3756, 2076, 2885]
279:[1603, 2915, 2735]
280:[3005, 1194, 790]
281:[1716, 4325, 634, 2527]
282:[2879, 1508, 4245]
283:[401, 919, 4119]
284:[1562, 2749, 2001]
285:[3523, 2937, 3105]
286:[2720, 2652, 2635]
287:[2815, 2975, 547]
288:[2823, 633, 2161]
289:[65, 3345, 2085]
290:[275, 26, 4320]
291:[8, 1999, 3618]
292:[46, 3051, 2976, 163]
-1:[4172, 1790, 2678, 4517, 3283, 4021, 2978, 3306, 1521, 4333, 1552, 866, 1339, 285, 580, 2031, 1064, 234, 130, 525, 4214, 4492, 2691, 333, 3397, 1588, 180, 4676, 389, 2926, 372, 3428, 3932, 1820, 4069, 1991, 4381, 1148, 1742, 3286, 3789, 331, 3096, 1851, 4673, 747, 4398, 3833, 3036, 2457, 1710, 2515, 4048, 155, 4575, 4066, 3574, 3943, 3127, 4657, 398, 323, 1384, 4195, 3562, 1906, 2313, 2464, 1529, 3070, 3758, 4142, 938, 1835, 1214, 3058, 2864, 3606, 3798, 402, 1609, 745, 2620, 1052, 3974, 1056, 4307, 2631, 2534, 2022, 828, 4458, 4645, 3869, 158, 4011, 2676, 4217, 1904, 3635, 4659, 3315, 1210, 1652, 601, 2080, 4338, 2192, 1633, 3569, 3118, 3515, 3250, 1707, 488, 3078, 4029, 1184, 2918, 2762, 4154, 816, 883, 1125, 1051, 15, 4363, 2591, 690, 1646, 4313, 2384, 3897, 230, 3039, 610, 3795, 109, 4650, 3218, 2263, 137, 3856, 204, 2394, 3413, 321, 2563, 4410, 1500, 1360, 4220, 3487, 1668, 853, 1817, 3178, 1300, 3258, 2283, 2388, 3694, 4340, 2099, 1079, 3907, 2914, 2329, 4663, 2952, 1726, 2370, 2081, 1866, 3853, 3700, 2760, 1955, 1218, 731, 4501, 1692, 3385, 3352, 1081, 1524, 4533, 1030, 3204, 1961, 3648, 1216, 1589, 984, 2129, 1878, 3481, 3966, 789, 1567, 3463, 751, 3620, 2062, 877, 235, 2989, 3049, 2568, 1126, 93, 1816, 4261, 3572, 1617, 293, 3450, 3407, 4713, 2911, 288, 3738, 2495, 2228, 3264, 963, 2811, 3176, 1582, 1255, 734, 3341, 2717, 4023, 2054, 3132, 2011, 3203, 4369, 2212, 123, 2035, 467, 2287, 1442, 3851, 1319, 3922, 280, 704, 514, 3449, 2383, 3942, 3101, 1369, 837, 3837, 695, 1699, 2112, 2171, 373, 2397, 4282, 245, 1959, 1640, 1020, 3740, 2336, 239, 3581, 2068, 4716, 671, 1642, 657, 3947, 4474, 3802, 324, 1899, 266, 1946, 2358, 3748, 857, 246, 229, 1115, 3084, 3715, 4177, 911, 3183, 569, 1279, 3052, 4739, 3317, 1188, 182, 1426, 2930, 3951, 3980, 207, 2202, 1457, 836, 1090, 2758, 1825, 1223, 2219, 217, 2120, 3911, 3604, 3160, 2704, 299, 797, 568, 1792, 2670, 4106, 2905, 4052, 3956, 3538, 4129, 464, 2490, 638, 862, 713, 2150, 3464, 1202, 4640, 4012, 997, 2045, 3619, 1466, 4153, 1127, 1180, 4401, 1635, 2125, 1177, 2932, 1160, 1004, 3281, 2385, 1112, 3190, 4674, 1182, 884, 1410, 2179, 1368, 3778, 13, 12, 2055, 806, 788, 2289, 3683, 1276, 641, 3269, 2215, 3531, 4481, 3953, 2902, 967, 2023, 674, 4361, 773, 1507, 2666, 2921, 2441, 2908, 1401, 536, 1876, 815, 2886, 3262, 1110, 782, 1623, 4009, 316, 3034, 4094, 586, 2644, 3512, 4477, 4546, 1927, 613, 1921, 1264, 842, 3965, 495, 4696, 1778, 3651, 458, 213, 4203, 2254, 1682, 2694, 133, 4432, 1027, 2569, 567, 1903, 1068, 3557, 3611, 4233, 2763, 961, 3549, 2957, 3784, 1775, 2233, 1493, 1043, 3265, 2453, 48, 3594, 3641, 2144, 469, 697, 3742, 1309, 1715, 3563, 2089, 3405, 3044, 792, 1830, 2738, 3662, 4717, 391, 2574, 2543, 2836, 483, 3076, 4137, 4016, 2516, 1470, 4505, 3821, 890, 1714, 1117, 1813, 2614, 3959, 3097, 3186, 1124, 1341, 4539, 2974, 2971, 3457, 2338, 2646, 870, 3739, 139, 839, 14, 1844, 4167, 1740, 909, 4114, 4553, 4462, 2091, 847, 4204, 89, 1783, 3418, 1045, 2258, 2518, 946, 715, 2940, 3091, 4690, 1229, 4581, 924, 1200, 1525, 2002, 349, 1935, 4353, 4407, 1805, 3708, 1236, 4161, 2883, 1847, 4536, 1978, 907, 1727, 2941, 4500, 157, 1794, 1361, 2789, 2688, 1515, 3226, 2177, 2029, 3342, 1810, 3876, 1760, 2111, 845, 3566, 2575, 2839, 1205, 2977, 2809, 105, 3128, 203, 3113, 1100, 4703, 2088, 36, 1705, 106, 3456, 3112, 4527, 538, 453, 1987, 4735, 925, 2200, 2771, 4628, 4518, 2058, 2261, 4455, 1907, 3125, 3237, 131, 178, 2310, 4222, 3781, 2702, 4494, 661, 1438, 4566, 1166, 3754, 1718, 1131, 1823, 2798, 209, 3421, 3334, 901, 272, 2503, 3710, 1751, 4498, 3764, 1287, 2190, 3006, 3760, 4504, 190, 2690, 2845, 1303, 552, 860, 2415, 1014, 1365, 3507, 2113, 1486, 3646, 4390, 1755, 3201, 1536, 1560, 1193, 3288, 1133, 3997, 1677, 2116, 451, 1391, 4506, 3312, 3355, 1874, 3133, 781, 2339, 4329, 3017, 4487, 2016, 2308, 1644, 728, 3527, 84, 2598, 7, 2799, 504, 1168, 21, 2311, 3129, 777, 3396, 2497, 273, 1387, 2693, 2017, 2026, 3504, 3777, 2561, 3424, 3545, 1880, 4644, 135, 1171, 231, 2656, 218, 3567, 3460, 4265, 3964, 241, 2156, 2480, 2364, 448, 1986, 1782, 626, 3208, 1044, 719, 33, 1373, 776, 3483, 404, 4388, 4426, 3069, 1930, 4286, 2894, 2718, 3929, 3552, 2154, 2137, 3359, 41, 3240, 2599, 4341, 4714, 2897, 2759, 3667, 1858, 687, 4291, 410, 3277, 4047, 608, 4038, 3068, 1888, 265, 3585, 1073, 442, 4360, 1678, 1211, 1308, 3550, 3827, 4211, 4359, 3653, 3627, 2103, 3066, 1040, 3532, 3900, 754, 1664, 694, 1501, 360, 4701, 3554, 2576, 3146, 1372, 1310, 3776, 4526, 3195, 1395, 4183, 1768, 1796, 4656, 1667, 3613, 898, 1551, 153, 2195, 1506, 1541, 4414, 4621, 3847, 3691, 2972, 2021, 1532, 4469, 2487, 3845, 72, 878, 2854, 433, 4250, 4682, 295, 722, 1763, 353, 3812, 73, 1033, 3165, 176, 3023, 3394, 1576, 2079, 2540, 1174, 583, 4054, 2663, 1535, 4020, 2917, 892, 529, 4387, 3038, 3908, 31, 2371, 4384, 3209, 494, 4428, 2901, 2658, 2980, 4290, 4584, 1129, 558, 3373, 3098, 688, 2950, 4629, 3998, 4175, 512, 2944, 3541, 2612, 609, 2051, 3417, 238, 2425, 2537, 4311, 465, 2807, 1315, 763, 4344, 2959, 4720, 1645, 3588, 2814, 1855, 191, 1038, 29, 3526, 1278, 1624, 3261, 2742, 3660, 4136, 4568, 2250, 2611, 4256, 411, 793, 4691, 801, 3676, 876, 215, 1697, 903, 4557, 4208, 2580, 1092, 3440, 4569, 1484, 3249, 3766, 2322, 3188, 1857, 1885, 1528, 4406, 364, 3416, 2295, 1724, 2637, 3028, 1342, 436, 496, 1105, 1299, 4350, 1427, 1350, 1625, 1224, 3578, 1604, 3773, 960, 2810, 3169, 2434, 3804, 420, 2440, 1162, 1533, 2290, 4444, 4100, 2237, 4680, 4205, 4149, 1655, 3389, 758, 1693, 3528, 2984, 4164, 2588, 602, 2053, 670, 4232, 1237, 3832, 1957, 2508, 4441, 906, 3914, 649, 783, 4514, 1121, 774, 2276, 1046, 2531, 4252, 2335, 286, 3328, 2041, 1939, 412, 1801, 2447, 981, 1399, 1337, 2075, 619, 510, 358, 460, 4267, 3343, 1161, 1889, 4227, 3877, 3388, 3453, 1514, 4634, 3803, 3665, 110, 1951, 3138, 2928, 3117, 1571, 4597, 1660, 4004, 3973, 1267, 3436, 1154, 310, 3614, 3109, 3031, 2123, 1534, 1397, 4509, 3592, 2180, 832, 3198, 2805, 698, 1555, 444, 2084, 1065, 4319, 85, 4586, 4166, 4141, 2372, 723, 2608, 1875, 3936, 2101, 1063, 4223, 4734, 3510, 1577, 679, 1329, 4419, 2470, 2382, 2779, 2093, 2803, 4700, 3590, 2014, 3293, 1183, 3299, 1908, 250, 4140, 375, 134, 4516, 2110, 2664, 2847, 1420, 1433, 308, 3825, 2456, 341, 1550, 1548, 3861, 785, 2622, 3087, 3736, 2808, 489, 2938, 393, 1253, 1553, 3470, 418, 935, 4689, 1053, 1689, 3402, 3354, 3496, 3661, 277, 1513, 2698, 3957, 4317, 438, 247, 1543, 3864, 1338, 992, 3976, 1853, 3458, 4008, 950, 2654, 1409, 3358, 588, 2523, 1102, 2820, 4128, 865, 4530, 503, 4017, 1672, 3223, 942, 1414, 506, 4670, 1897, 1572, 79, 4622, 2265, 3318, 1472, 3584, 2284, 3723, 2350, 162, 252, 2419, 376, 1199, 4486, 1674, 1280, 3636, 2247, 1252, 4399, 1546, 563, 74, 4044, 468, 1892, 2307, 3499, 2074, 936, 2590, 916, 2066, 3632, 1158, 2097, 1863, 122, 2042, 1826, 4255, 4420, 2538, 115, 2270, 2829, 1881, 2073, 2923, 3844, 477, 54, 3304, 4385, 4055, 3182, 2362, 850, 2245, 3697, 3153, 4669, 1345, 3441, 752, 2036, 2213, 1118, 2380, 3056, 3085, 3591, 3465, 120, 4071, 1234, 4365, 4436, 3011, 1831, 3633, 4555, 2143, 705, 446, 507, 2985, 3497, 3963, 3989, 1422, 416, 887, 3671, 937, 685, 4288, 2630, 3680, 1558, 4652, 3467, 522, 2046, 296, 729, 208, 3107, 3270, 1247, 664, 4422, 3939, 4104, 96, 2746, 2262, 4356, 2680, 1307, 859, 864, 4551, 2830, 2979, 1564, 3755, 3950, 2939, 4296, 2280, 4218, 1233, 462, 4271, 628, 830, 2491, 4727, 1602, 257, 1189, 330, 2800, 490, 306, 3455, 1601, 2948, 759, 2562, 2824, 767, 3977, 4112, 2136, 2648, 556, 4590, 1565, 4096, 2522, 2439, 3686, 3426, 3480, 683, 2304, 2739, 2729, 3337, 726, 2945, 3524, 627, 1254, 802, 174, 1581, 1920, 4180, 55, 4625, 2293, 2347, 2827, 150, 2126, 1632, 3609, 4687, 2708, 3596, 585, 2695, 3913, 2606, 3284, 1178, 1441, 1980, 1841, 3818, 2791, 3674, 3398, 3387, 2757, 4666, 4082, 2802, 1371, 1169, 1663, 4299, 4405, 211, 4731, 2209, 1347, 1400, 3238, 1519, 2435, 1047, 1120, 4032, 979, 2010, 672, 4708, 3751, 1785, 3830, 3797, 4268, 2536, 3642, 1744, 2812, 3759, 1297, 4620, 1088, 379, 2741, 727, 3693, 669, 2182, 1377, 948, 1378, 703, 4236, 2773, 2305, 4037, 172, 2801, 2954, 4306, 2198, 4067, 740, 2581, 1579, 4101, 589, 3093, 4260, 2354, 2395, 2266, 2616, 3809, 2229, 3866, 319, 4571, 575, 2337, 2164, 51, 3462, 739, 59, 3799, 1413, 1812, 969, 1985, 2328, 1900, 4139, 1557, 1964, 1829, 1925, 1890, 4110, 3654, 3838, 1157, 2882, 3369, 3192, 2424, 4424, 3001, 2953, 4302, 3089, 1994, 2958, 1375, 1076, 417, 3940, 1017, 1971, 242, 301, 2684, 1549, 920, 2966, 1703, 1917, 369, 2253, 3327, 741, 4511, 603, 3177, 3640, 1173, 3303, 1246, 4452, 737, 3612, 2493, 3224, 3598, 2600, 2474, 1505, 1611, 144, 3928, 4531, 762, 3435, 4015, 531, 4723, 1392, 3171, 3184, 3717, 88, 4529, 3047, 1273, 3985, 2564, 1761, 1041, 3419, 3727, 3595, 2853, 1098, 168, 146, 225, 4192, 42, 3248, 502, 2345, 3925, 1915, 3824, 2586, 2297, 4376, 2816, 4206, 1257, 2174, 1859, 2166, 517, 1463, 3582, 784, 1968, 4565, 2850, 1658, 366, 1469, 4186, 566, 4725, 3560, 1152, 62, 2662, 4545, 284, 4061, 1756, 1531, 3971, 3536, 2205, 2013, 354, 3485, 631, 562, 4457, 1832, 813, 3718, 3008, 1811, 4144, 1686, 1774, 2162, 2399, 3350, 104, 1891, 2900, 546, 501, 4046, 2109, 1797, 244, 2530, 1402, 4613, 3537, 3032, 1960, 1607, 2623, 1487, 3934, 3780, 86, 1627, 692, 3136, 2589, 1262, 1905, 3452, 4611, 1818, 2560, 1482, 4298, 3384, 1398, 2309, 1498, 4088, 4254, 3675, 1323, 2367, 3239, 394, 1305, 1156, 2220, 3630, 3009, 4681, 4077, 3167, 2466, 3968, 2904, 1209, 1722, 3597, 1649, 126, 4593, 1893, 1430, 4086, 2422, 3229, 2755, 147, 2834, 258, 2645, 102, 4085, 1496, 3575, 4335, 4541, 3489, 1492, 4332, 2672, 1357, 3927, 2069, 1289, 2386, 605, 1516, 2005, 2770, 4024, 2488, 3062, 2040, 642, 1618, 328, 3156, 3401, 1622, 4057, 693, 656, 668, 4513, 533, 313, 1619, 1296, 399, 3704, 4339, 4034, 4187, 3516, 4578, 573, 2260, 1286, 2609, 3960, 132, 4056, 2889, 194, 3438, 317, 1860, 2998, 149, 799, 10, 2700, 3121, 4289, 2891, 553, 3268, 4028, 3365, 3745, 2660, 4478, 551, 1197, 4076, 3511, 2767, 184, 322, 707, 4373, 1592, 4349, 429, 2780, 2793, 975, 2898, 1232, 2462, 2696, 3126, 3890, 4181, 1509, 1733, 2511, 4280, 4671, 276, 1575, 3217, 1389, 559, 1570, 118, 1636, 1011, 2772, 1230, 1374, 267, 332, 2675, 2248, 2860, 652, 1450, 3639, 378, 1258, 3287, 2255, 771, 1192, 917, 1075, 4347, 3769, 4304, 1628, 443, 1786, 66, 4081, 1706, 304, 2661, 2778, 4459, 1306, 3060, 1754, 3806, 2376, 915, 4412, 3386, 1933, 3155, 3525, 1865, 4225, 2324, 2165, 2446, 3368, 985, 615, 4437, 3451, 3429, 466, 1447, 100, 4617, 787, 2578, 640, 1661, 17, 3469, 1421, 3621, 3724, 3643, 1651, 1909, 4253, 175, 1009, 312, 1074, 3734, 3048, 4393, 2990, 1566, 2224, 2121, 1748, 189, 4007, 2132, 403, 2065, 4343, 821, 4635, 315, 2550, 3400, 2500, 3520, 368, 4383, 320, 3430, 3992, 3878, 4702, 2251, 991, 2145, 2754, 2929, 2595, 2777, 3130, 3152, 2682, 3573, 1042, 4485, 1274, 826, 2231, 3883, 188, 549, 1583, 794, 2873, 3870, 4095, 3926, 1709, 2947, 3894, 3147, 2532, 4482, 271, 645, 141, 545, 2128, 1024, 2570, 3379, 3236, 4602, 3994, 486, 4111, 1996, 3719, 187, 3875, 1167, 3493, 3834, 4728, 253, 3255, 173, 4721, 2486, 408, 2086, 2019, 1481, 655, 1574, 2565, 4550, 3422, 1087, 1363, 2158, 3529, 3263, 3282, 2719, 639, 2674, 3376, 367, 4496, 1626, 4490, 4654, 164, 3443, 2050, 3657, 2142, 3294, 2007, 2078, 2826, 746, 2223, 4322, 1852, 11, 932, 4619, 5, 3079, 181, 2920, 3311, 2360, 2325, 2127, 2925, 2319, 1637, 2514, 4025, 2218, 3534, 3617, 4484, 560, 407, 186, 4532, 1359, 2392, 3166, 1379, 1284, 3307, 1680, 4638, 498, 2783, 843, 3466, 4058, 2967, 1474, 3393, 4334, 4190, 1220, 2842, 1795, 3912, 4308, 4461, 3881, 1059, 3741, 422, 4612, 221, 491, 1332, 1451, 16, 1586, 2513, 243, 3301, 3602, 2892, 3187, 1712, 4684, 2374, 3714, 2348, 1739, 3775, 1301, 3414, 2481, 2451, 2352, 3083, 3063, 2114, 445, 2541, 4120, 4522, 3979, 1981, 3415, 944, 1468, 1591, 1407, 279, 761, 3081, 2232, 4342, 3589, 3791, 1066, 2634, 2677, 4507, 2244, 1001, 1467, 2, 1569, 4210, 4165, 4097, 772, 3933, 3232, 1914, 2869, 50, 2683, 1196, 1480, 3647, 336, 374, 973, 927, 4447, 1382, 3931, 251, 3872, 2673, 3472, 1272, 872, 3986, 2408, 4336, 2331, 2593, 3921, 1376, 71, 2168, 4706, 4592, 1629, 2272, 2460, 3305, 844, 3624, 2351, 700, 1325, 4103, 4460, 1335, 1071, 249, 1078, 2636, 3134, 4145, 3054, 621, 476, 3296, 800, 4152, 1302, 1458, 3668, 791, 2526, 4615, 1648, 83, 1977, 47, 1443, 3071, 337, 40, 2723, 1634, 3901, 2159, 4157, 1702, 1962, 4704, 770, 820, 2567, 2476, 3222, 3333, 572, 3380, 1235, 1388, 4035, 3088, 2095, 457, 75, 1922, 4281, 1764, 2282, 3114, 4330, 1976, 22, 2402, 3108, 653, 1665, 4226, 1464, 3571, 4213, 576, 953, 338, 3233, 4005, 1967, 3395, 3814, 902, 2747, 4197, 4380, 786, 3625, 4421, 1106, 3357, 1082, 3749, 1201, 4102, 2624, 1003, 3835, 256, 2461, 2792, 4237, 1767, 4520, 347, 4736, 142, 2629, 1239, 2888, 3104, 4544, 219, 1370, 905, 302, 220, 166, 681, 4301, 1845, 90, 720, 2797, 3603, 3124, 359, 3162, 1440, 361, 4707, 3163, 4508, 2910, 4434, 4372, 1015, 1269, 197, 3332, 2426, 2246, 4443, 263, 4031, 1690, 2577, 2139, 3021, 4080, 511, 2316, 4446, 4109, 4573, 1737, 2478, 309, 3473, 2893, 2844, 2946, 352, 2993, 430, 3082, 1547, 478, 2969, 4525, 3521, 807, 2838, 3601, 2943, 3949, 2294, 4027, 4694, 2548, 2546, 1824, 2423, 1404, 2296, 4582, 3678, 3509, 4395, 1456, 3231, 305, 1704, 4159, 4724, 2506, 2332, 2876, 3235, 4463, 4148, 3616, 3013, 931, 999, 3935, 2896, 3923, 259, 4314, 3210, 3820, 4655, 2987]
