0:[7688, 4258, 3399, 7007, 4114, 1494, 4531, 3585]
1:[8100, 3321, 1761, 2310, 7714, 2741, 4572, 2523, 2899, 986, 7019, 7740, 2695, 1386, 8067, 3370, 1825, 1934, 7775, 4855, 3766, 3095, 516, 7010, 7291, 4418, 7649, 745]
2:[4672, 2917, 8660, 8456, 7832, 6978, 766, 2205, 1545, 6947, 718, 3577, 4269, 4372, 625, 2095, 2503, 7489, 5476, 3911, 4949, 8681, 2704, 8871, 7460, 1035, 3875]
3:[2079, 3158, 2131, 4494, 1624, 204, 7988, 8318, 37, 7447, 1752, 6936, 7587, 1187, 8828, 2674, 6170, 7074, 2117, 8307, 4756, 2545, 5362, 2118, 6354, 5657, 1680, 5482, 8654, 4164, 3739, 3134, 1561, 3086, 4963, 2154, 2940, 8753, 1219, 5484, 3339, 2677, 5490, 3670, 174, 6802, 8640, 2492, 6220, 5416, 2442, 7863, 372, 1241, 616, 4446, 4762, 4599, 3657, 8044, 3041, 3715, 3448, 5704, 4830, 6162, 5548, 6553, 5936, 1186, 5848, 8675, 1799, 7377]
4:[5689, 5280, 332, 7813, 5673, 7344, 330, 5205, 8609, 4291, 2964]
5:[7824, 5966, 8281, 2502, 771, 3198, 261, 2393, 8501, 946, 4110, 5870, 731, 8726, 5867, 3252, 3678, 3366, 2254, 5115, 6816, 879, 6685, 6970, 4464]
6:[6047, 4823, 6723]
7:[5587, 726, 877, 3786, 3549, 5387, 2302]
8:[293, 5197, 7573, 8638, 5233, 5097, 6531, 1214, 2689, 3751, 5167, 4201, 4556, 1580, 4380, 2452, 1082, 242, 4158, 2182, 7118]
9:[1066, 6529, 4972, 4979, 7652, 3106, 3990, 2945, 7499, 2396, 7522, 1766]
10:[5999, 3054, 997, 3024, 5862, 169, 6735, 3293, 8605, 4133, 6837, 7262, 896, 3740, 1575, 5738, 5494, 7420, 7653, 6319]
11:[4988, 5627, 8057, 3836, 7791, 4492, 958, 7326, 4778, 4379, 6278]
12:[1077, 3371, 2956, 1260, 5118, 7877, 1826, 6480, 7054, 1883, 8485, 3668, 1767, 6165, 7960, 4944, 2783, 6138, 526]
13:[1027, 5309, 8221, 518, 5904, 2165, 3774, 8335, 4867, 1504, 5246, 4016, 3439]
14:[3357, 6766, 5667, 5516, 4990, 787, 2673, 4014, 2209, 2688, 2627, 6330, 1308, 3288, 2398, 6442, 1378, 5661, 883, 7826, 530, 8015, 5751, 334, 5379, 3046, 4505, 6207, 8544, 7109, 5159, 1126, 2206, 2749, 4204, 4808, 2199, 1708, 6656, 1888, 2482, 781, 103, 4654, 5311, 5214, 6013, 8665, 3493, 1356, 8741, 1122, 7258, 3327, 7532, 1645, 1189, 2998, 2439, 2455, 3143, 2988, 6776, 1154, 6804, 7571, 7199, 6154, 6355, 4019, 4818, 1124, 6760, 928, 621, 7388, 4983, 7111, 4770, 7255, 716, 503, 7924, 7810, 7559, 841, 8569, 2926, 7596, 7170, 4444, 3457, 3318, 4512, 7180, 4239, 5885, 1455, 2053, 7650, 4877, 3253, 4488, 6986, 8816, 5860, 8311, 6702, 6635, 6014, 218, 8102, 8774, 3377, 8854, 3278, 6751, 70, 6558, 909, 1738, 2042, 1334, 2371, 8457, 2269, 115, 1881, 3411, 2811, 8073, 5996, 447, 4569, 8541, 4732, 6945, 3174, 7139]
15:[3350, 3323, 6484]
16:[6504, 22, 8310, 41, 1858, 3951, 995, 5524, 1870, 3286, 6969, 5003, 399, 5836, 6460, 5624, 3189, 4819, 3116, 2433, 2305, 5193, 8047, 6142, 8462, 8269, 2906, 3681, 7387, 3194, 3729, 7063, 2367, 6514, 6399, 5353, 7498, 7211]
17:[6116, 2256, 1701, 7354, 3885, 6959, 4847, 6545, 6190, 1063, 8506, 8199, 259, 5329, 43, 6009, 1479, 5443, 1138, 494, 6414, 6634, 5087, 1269, 6252, 1768, 8150, 7962, 8088, 5300, 3945, 1217, 3809, 5887, 2891, 651, 1188, 5638, 948, 1417, 6557, 4187, 5949, 6536, 1, 8710, 7392, 3202, 7737, 5430, 3939, 1732, 5610, 7922, 985, 2565, 4796, 3188, 7527, 6018, 2108, 8116, 5001, 7288, 118, 5361, 2424, 2142, 7415, 8791, 172, 4234, 7056, 7286, 1011, 8590, 1328, 1013, 1487, 4687, 3514, 227, 6281, 1510, 7143, 940, 2883, 7749, 1547, 7334, 5815, 7135, 1264, 1568, 700, 4667, 3971, 7696, 6245, 3772, 119, 3872, 604, 8518, 1605, 3258, 6432, 7999, 7047, 3905, 7889, 717, 3247, 6769, 808, 1058, 5868, 4497, 8573, 3417, 3376, 859, 3604, 591, 3576, 5929, 1796, 6312, 1700, 3648, 1324, 5616, 6067, 3216, 7293, 2866, 6539, 4844, 8743, 8179, 3415, 2671, 2418, 1045, 7254, 4634, 8585, 6091, 7713, 3209, 5345, 7362, 3808, 2676, 4377, 5292, 2721, 2927, 7934, 3311, 4108, 4399, 7439, 207, 1317, 4193, 8594, 6173, 49, 735, 7200, 8552, 6486, 2264]
18:[4437, 3738, 5074, 7789, 2472, 3434, 6382, 707, 2608, 8173, 3848, 8551]
19:[5967, 7603, 5440, 1359, 4798, 2586, 4341, 2045, 4165, 3471, 3048]
20:[763, 3856, 7639, 3587, 7550, 4905, 6647, 5263, 8650, 3719, 4401, 2767, 6632, 7134, 4311, 6626, 6315, 3890, 6620, 7271, 2842, 7831, 525, 3050, 7876, 4316, 1685]
21:[6334, 4925, 328, 7837, 3093, 7655, 670, 2787, 5334]
22:[4055, 1040, 8761, 6613, 1190, 6705, 3290, 4647, 6110, 8819, 2189, 1431, 2659, 4137, 4502, 2995, 6841, 3025, 3012, 2860, 6902, 8755, 6042, 3039, 104, 6946, 8577, 7917, 8222, 2554, 4409, 385, 2076, 2882, 365, 7626, 7050, 370, 1512, 5883, 8874, 4753, 3562, 7136, 8159, 6477, 5146, 4157, 387, 6822, 7755, 3096, 8703, 1457, 5973, 7582, 5427, 8174, 706, 6011]
23:[7021, 6764, 2410, 6146, 4671, 4221, 4342, 774, 8572, 2821, 5878, 7106, 1475, 1370, 873, 738]
24:[4473, 8680, 7795, 5855, 5220, 5768, 5006, 123, 1994, 4414, 5069, 1413, 7379, 2148, 5972, 2808, 7475, 8811, 6029, 5695, 8719, 3840, 1032, 4036, 5538, 2184, 4537, 1397, 6343, 6201, 5028, 7989, 5896, 2188, 4610, 3858, 1326, 6795, 2040, 2976, 1267, 8606, 1450, 6256, 4727, 2339, 4927, 5054, 2378, 3676, 2598, 4263, 3181, 4410, 1946, 6784, 4883, 1507, 5699, 6917, 1246, 4720, 2044, 6831, 637, 465, 318, 5512]
25:[801, 6464, 7806, 7078, 4501, 2321, 2793, 4003, 7556, 4191, 8048]
26:[3264, 8540, 5103, 2373, 1688, 48, 3094, 5892, 5031, 2971, 2063, 7469, 7823, 3963, 1424, 1222, 3487, 7347, 6762, 8028, 502, 2194, 678, 7371, 5449, 64, 7576, 5170, 1657, 4510, 4015, 8674, 3640, 4374, 6640, 8261, 1715, 2959, 4882, 5718, 6905, 1533, 1742, 1036, 3365, 8026, 2239, 4020, 6643, 6375, 8829, 8081, 312]
27:[7773, 2038, 4270, 8636, 1632, 8049, 4087, 7089, 5462, 8362, 2981, 6402, 4091, 5065, 6615, 5649, 3040, 2847, 2770, 3310, 2138]
28:[1502, 7941, 5381, 4417, 2989, 5983, 6820, 8855, 1824, 6034, 649, 1478, 7172, 6192, 2661, 2242, 5665, 3639, 2814, 5933, 8441, 8381, 3011, 5941, 4794, 7640, 957, 1927, 4170, 3130, 1330]
29:[6324, 3964, 4595, 3409, 3453, 2434, 8669, 3219, 3535, 598, 83, 8264, 8215, 2370, 8113, 7494, 8463, 3104]
30:[1432, 3579, 4338, 1769]
31:[3031, 1403, 6141, 1276, 5134, 4356, 3361, 6304, 1895, 5428, 6125, 727, 7814, 2019, 599, 2722, 2638, 2569, 5081, 7249, 3246, 7948, 5741, 1497, 4966, 6711, 5757, 341, 5038, 8092, 1429, 7301, 8326, 8686, 133, 5957, 6650, 5139, 1277, 2412, 5525, 6361, 8233, 4250, 6444, 3992, 6084, 3105, 8550]
32:[3325, 4575, 4449, 8520, 8419, 8833, 1849, 5990, 7794, 457, 7793, 6899]
33:[3028, 1074, 7228, 1238, 3146, 3816, 2802, 2068, 8204, 7476, 2429, 1166, 5769, 2666, 2039]
34:[4767, 493, 6112, 1015, 3861, 3239, 5507, 911, 2980, 6864, 4525, 1612, 1785, 1100, 7535, 8274, 8321, 8374, 722, 3324, 76, 677, 4104, 2146, 7185, 1016, 8842, 6633, 2867, 6457, 8697, 5522, 6506, 5526, 5550, 3019, 3201, 5240, 6964, 8717, 3483, 1148, 2098, 8229, 5073, 239, 6892, 827, 6749, 3566, 7534, 8617]
35:[4151, 6663, 3998]
36:[3773, 6913, 6344, 8389, 2931, 7146, 4363, 782, 4716, 2813, 4507, 6747, 4178]
37:[622, 2314, 7866, 1361, 4682, 4526, 2309, 7671]
38:[5931, 7044, 2516, 4633, 1435, 1163, 5913, 359, 3437, 4468, 2489, 5302, 7500, 7424, 7577, 3991, 3655, 8278, 7967, 5861, 7033, 4430, 3065, 6217, 5312, 7758, 2923, 3078, 3150]
39:[6636, 7537, 3892, 353, 7462, 1055, 6847, 8126, 7137, 6003, 1751, 5491, 6005, 3545, 8803, 2348, 5754, 7858, 155, 2708, 6200, 6417, 3020, 1527, 846, 2417, 2115, 7244, 3957, 7296, 5725, 1710]
40:[6055, 5831, 8259, 5819, 7220, 4680, 7613, 3037, 8051, 5995, 2325, 4252, 5845, 1724, 791, 7586, 5455, 5098, 6390, 4684, 6202, 6881, 2176, 6526, 3954, 5433, 7899, 7315, 7457, 420, 5369, 1663]
41:[1198, 2859, 1014, 5875, 6294, 534, 5398, 865, 3263, 1682, 2397, 7113, 2415, 4041, 407, 7563, 3309, 2969, 4353, 3716, 4408, 7994, 4730, 3704, 6030, 7071, 342, 5380, 7419, 5631, 8438, 7557, 7426, 1747, 512, 7171, 8880, 7473, 274, 349, 3276, 2622, 7011, 8343, 2002, 340, 8255, 1719, 4536, 4782, 4051, 1918, 5477, 6967, 146, 6686, 3924, 2222, 3548, 2197, 876, 2966, 5276, 8391, 1694, 3081, 5503, 4888, 3335, 1532, 8005, 8121, 8225, 3273, 7331, 5984, 7119, 5547, 5333, 8578, 1132, 4901, 431, 3358, 3893, 7961, 527, 112, 5250, 2933, 2797, 6378, 7474, 270, 1391, 6570, 8439, 8187, 1864, 5217, 4223, 1354, 936, 7881, 1433, 8007, 3424, 150, 5301, 7617, 8525, 4751, 4190, 514, 7939, 2344, 3815, 8470, 7039, 7808, 8241, 8363, 5710, 1480, 4958, 8600, 5296, 2572, 8101, 2537, 6998, 5411, 5893, 6139, 595, 4352, 5764, 6569, 1167, 8393, 1472, 7065, 7974, 875, 5579, 4766, 3223, 6588, 4968, 458, 6268, 830, 3583, 7616, 1861, 1118, 2070, 2894, 8224, 1840, 1716, 4224, 93, 7672, 5152, 4817, 4763, 5331, 8089, 5573, 3282, 7309, 1159, 483, 5479, 981, 6763, 7128, 6524, 6317, 7332, 7024, 5348, 6996, 6237, 5854, 4415, 311, 1525, 8365, 5415, 5890, 5316, 3226, 487, 158, 1902, 3384, 4809, 4175, 2862, 4892, 3529, 3696, 2512, 3530, 2880, 7422, 7693, 309, 1835, 5636, 2389, 3238, 8376, 6274, 4542, 8329, 2335, 4162, 1335, 3029, 7445, 6346, 2759, 4242, 5096, 1022, 1379, 1549, 1193, 1851, 7811, 768, 1846, 7238, 1311, 5801, 6002, 8411, 5866, 714, 7382, 6267]
42:[7780, 4902, 4156, 7025, 6241, 3153, 5450, 2609, 3736, 532, 860, 7417, 272]
43:[583, 1394, 1283, 8208, 3488, 5565, 2473, 184, 3753, 8589, 2380, 6649, 4760, 8024, 8022, 6875, 2128, 4581, 7766, 3151, 4450, 628, 240, 7006, 3443, 6581, 4534]
44:[1004, 3147, 4472, 4558, 1635, 7333, 7572, 4746, 3934, 7300, 6814, 2453, 7512, 6903, 8481, 2157, 4031, 7816, 1194, 3491, 8373, 1428, 4023, 960, 3664, 5288, 1744, 630, 3730, 1741, 4049, 7759, 171, 3389, 7541, 8138, 73, 3744, 1085, 5485, 4758, 1271, 4664, 4994, 7660, 4284, 520, 7150, 925, 6204, 7530, 3467, 5452, 993, 6511, 8085, 382, 741, 5093, 3553, 1944, 2616, 2291, 6310, 3272, 1600, 4967, 3842, 7839, 2462, 1109, 4546, 7936, 2792, 3250, 7235, 1237, 7250, 7317, 6885, 8758, 5258, 3125, 1116, 3279, 6313, 2743, 8253, 3319, 1620, 1312, 5401, 8810, 5234, 50, 121, 7695, 1461, 4881, 619, 1425, 7224, 7490, 505, 1005, 6172, 1065, 4012, 154, 7311, 1772, 5216, 2843, 7754]
45:[2851, 7330, 3332, 2912, 8599, 2181, 624, 4999, 1765, 5196, 2311, 116, 3372, 6184, 8348, 232, 4981, 820, 5911, 1075, 8692]
46:[4827, 5849, 1896, 8305, 253, 7930, 4878, 362, 325, 4745, 2626, 1092, 7306, 2535, 6400, 5906, 6423, 1081, 7879, 8448, 2390, 6598, 5797, 5806, 8561, 4376, 1199, 2908]
47:[5853, 1180, 1541, 7449, 5091, 1764, 4805, 8324, 7273, 4722, 1298, 2868]
48:[1689, 1859, 238, 4116, 4248, 1376, 7161, 7034, 4583, 7726, 5417, 5206, 671, 5508, 2323, 8289, 699, 7844, 4529, 8542, 6718, 6645, 6352, 5160, 5185, 3544, 6738, 5634, 4719, 4208, 3764, 2560, 4499, 3919, 481, 7734, 5532, 1142, 55, 7502, 5179, 905, 5034, 2010, 6915, 7674, 5232, 7348, 3718, 4460, 7151, 3908, 3473, 2604, 5730, 3547, 5429, 6525, 2224, 8353, 15, 5997, 5488, 6704, 6608, 4969, 6904, 7357, 8715, 6891, 7957, 5687, 5989, 107, 919, 3592, 2679, 4709, 4703, 4266, 7042, 5356, 6368, 5968, 4216, 454, 1336, 5389, 8611, 8248, 8154, 4243, 3993, 2918, 4439, 7409, 5051, 5259, 38, 4551, 7423, 6869, 1441, 2685, 7972, 2461, 6259, 3513, 3126, 5987, 7237, 1607, 2111, 8662, 5418, 5656, 4598, 8624, 5261, 696, 4631, 4022, 5793, 4807, 6846, 496, 477, 2930, 1906, 6977, 4768, 4293, 932, 4337, 2663, 2633, 1160, 8492, 918, 4618, 7336, 8065, 7360, 6364, 8472, 2614, 222, 4174, 2259, 1362, 1452, 7323, 6045, 4240, 8346, 7030, 86, 5701, 56, 6, 1803, 3163, 264, 7821, 642, 3938, 4304, 8377, 7247, 3113, 2464, 1610, 6980, 1041, 3901, 5454, 8736, 5680, 8813, 8496, 7463, 8175, 6956, 5388, 6176, 213, 2834, 6363, 210, 2625, 4851, 8148, 1521, 5917, 4673, 6155, 8444, 3469, 6377, 4117, 3490, 2313, 6415, 4828, 4692, 4324, 4643, 6712, 7358, 3005, 2425, 6754, 6593, 5518, 8598, 6028, 3682, 5569, 4553, 2916, 2173, 6808, 4750, 7547, 7523, 7684, 5838]
49:[914, 1303, 3179, 5374, 4864, 7918, 1084, 410, 3970, 679, 4161, 8331, 6054, 2088, 33, 824, 1790, 5654, 4606, 6873, 373, 4426, 3580, 8711, 1836, 3649, 7105, 8586, 5715, 5456, 6089, 6419, 5176, 4889, 6148, 7389, 8214, 5375, 6086, 5895, 4639, 4956, 676, 6189, 7569, 4691, 5850, 4824, 193, 7782, 4384, 7425, 4987, 3811, 5424, 2582, 2268, 337, 3406, 1642, 1597, 4995, 3870, 4241, 2331, 8379, 7638, 1746, 461, 2563, 6616, 432, 2477, 8875, 521, 5291, 1962, 1262, 7676, 5210, 438, 1469, 2265, 3482, 4835, 8033, 6489, 5927, 5925, 1937, 8083, 570, 11, 7698, 149, 3257, 5646, 3590, 5046, 4923, 8700, 6119, 7898, 1353, 437, 2929, 7114, 8090]
50:[7016, 7735, 2901, 3115, 492, 3687, 6522, 2805, 5763, 7798, 1587, 2542, 8499, 2125, 8843, 347, 7729]
51:[2757, 4862, 1019, 1149, 4373, 5690, 838, 3322, 8608, 1709, 747, 111, 6203, 982, 4601, 3470, 1115, 1147, 1454, 1852, 8158, 6527, 1384, 695, 8386, 246, 183, 7525, 8632, 4487, 6374, 2806, 675, 4726, 26, 4792, 1288, 4295, 414, 8876, 1988, 6329, 2273, 2011, 8333, 3206, 6222, 4530, 2507, 5327, 7681, 6530, 4008, 5219, 4943, 3521, 3215, 2402, 6989, 1221, 8502, 6335, 2391, 7022, 1169, 3177, 3994, 5685, 5506, 8466, 1375, 4837, 6331, 1604, 6120, 8468, 7133, 1010, 2307, 4032, 6720, 2526, 284, 3560, 7178, 2779, 5014, 629, 5582, 4786, 4619, 577, 3879, 6949, 7838, 2690, 2840, 8407, 4576, 4649, 4397, 6659, 5737, 8832, 544, 2345, 4209, 2591, 3124, 134, 3810, 2094, 5633, 398, 4442, 8888, 7718, 4465, 7812, 7448, 8216, 4478, 4665, 5368, 3660, 7505, 1553, 6694, 8612, 2315, 4313, 6472, 4638, 5954, 6943, 7398, 7302, 6458, 4312, 2510, 7878, 5294, 3757, 5684, 3623, 5830, 8388, 4264, 3432, 4101, 2699, 7096, 8344, 770, 5719, 8508, 3631, 688, 8531, 331, 5056, 2043, 6519, 1333, 4841, 3713, 5035, 389, 1679, 2041, 3969, 5405, 5821, 7620, 8565, 8588, 2363, 531, 7029, 7901, 4662, 5729, 8413, 1964, 8309, 542, 3296, 3806, 3452, 6607, 6730, 2773, 972, 3133, 608, 5229, 4831, 5677, 2104, 6544, 6243, 6538, 7, 1676, 4825, 5067, 6174, 6658, 4231, 7154, 3600, 2147, 1749, 1459, 7145, 7746, 3803, 6575, 4029, 4255, 6326, 5668, 8642]
52:[3720, 751, 8276, 7441, 4736, 1293, 8556, 181, 8601, 187, 7431, 5445, 5125, 6865, 8511, 5975, 3769, 1706, 7871, 2900, 528, 942, 2409, 1566, 6703, 5439, 3000, 5202, 7268, 4500, 5487, 6426, 5225, 6894, 2944, 7396, 6167, 3828, 2303, 4632, 3060, 3283, 7742, 4060, 7568, 586, 8670, 5739, 3103, 8144, 3613, 6819, 6260, 6497, 1834, 5366, 5339, 8064, 188, 8422, 1061, 1146, 7608, 2394, 1178, 3937, 1579, 8013, 8576, 2126, 7190]
53:[8690, 8119, 2469, 5584, 5421, 3838, 519, 6833, 4364, 1460, 1853, 759, 2798, 2873, 2532, 5748, 7836, 114, 3683, 1828, 7040, 3154, 3641, 8141, 4975, 8826, 4517, 644, 2752, 1590, 4535, 3155, 2571, 5952, 2435, 4228, 765, 20, 7662, 8301, 3058, 1344, 1474, 4985, 7427, 8112, 102, 4950, 8716, 2428, 6130, 822, 956, 5865, 915, 8890, 4066, 7461, 813, 147, 2623, 6583, 2577, 855, 1874, 5916, 1966, 2298, 4984, 7251, 2706, 6828, 2257, 448, 652, 5722, 1316, 2431, 1697, 3165, 1984, 2324, 8783, 7090, 2855, 4350, 3036, 3463, 2812, 142, 5157, 2658, 1631, 7894, 2819, 6016, 8879, 6073, 6765, 1227, 4810, 5335, 4080, 2561, 5658, 6461, 8825, 640, 1332, 665, 5279, 2543, 1789, 3667, 8345, 1034, 3402, 5137, 8184, 8040, 2853, 2420, 4729, 3294, 1564, 7404, 565, 4232, 7658, 248, 6027, 3135, 1024, 4196, 1165, 5023, 3111, 439, 8288, 1915, 2414, 7750, 3864, 6610, 7305, 388, 5473, 8623, 998, 1923, 2911, 3108, 854, 195, 144, 5037, 2177, 6696, 8591, 5172, 5733, 792, 8408, 2270, 8554, 1076, 354, 7009, 3574, 5856, 7390, 4887, 0, 8751, 5981, 6410, 8620, 8676, 7928, 1818, 7803, 1771, 7496, 3781, 491]
54:[1788, 5606, 843, 1483, 6839, 406, 8464, 7606, 2975, 1357, 4493, 8062, 7966, 2778, 8663, 53, 8459, 5122, 1068, 16, 4394, 898, 7483, 8896, 3016, 488, 6507, 8245, 5502, 4321, 6277, 8431, 294, 2253, 2939, 8036, 6848, 5072, 5637, 3602, 6914, 2728, 2413, 4861, 7665, 5544, 4780, 8467, 100, 3724, 2470, 4271, 338, 1320, 139, 8063, 3383, 3647, 5882, 7101, 8895, 8180, 5088, 6944, 6601, 1611, 6297]
55:[7217, 8673, 6874, 5453, 3834, 4636, 1731, 1358, 6785, 1033, 6896, 1121, 5554, 1717, 1677, 8270, 8076, 4891, 2478, 5993, 3575, 1589, 6244, 5004, 1995, 7097, 5036, 3581, 4455, 5100, 2074, 8491, 4681, 1674, 4483, 1596, 6722, 2829, 1304, 547, 2657, 6321, 4387, 2593, 5823, 2316, 4570, 4772, 6850, 2848, 5530, 7168, 6036, 8882, 2119, 5268, 4349, 59, 3186, 7058, 6851, 7975, 7704, 1407, 1021, 162, 485, 7705, 804, 4896, 8327, 3308, 6770, 2169, 5239, 2202, 5422, 1920, 6571, 1519, 4206, 8628, 6798, 6617, 6834, 6796, 8053, 3287, 2172, 3079, 152, 367, 5145, 2584]
56:[6870, 8519, 4429, 6393, 5082]
57:[2957, 25, 5174, 2162, 5832, 2235, 5400, 1477, 5955, 760, 3489, 3902, 2280, 7900, 2628, 5094, 8162, 7099, 1584, 308, 2913, 8095, 5129, 5935, 3369, 6877, 6533, 8122, 4389, 2299, 1560, 2643, 5323, 5042, 3663, 1544, 4609, 3045, 737, 2815, 907, 1496, 4520, 1153, 2056, 3256, 6518, 6090, 7579, 6070, 6666, 5128, 3229, 4544, 7691, 5111, 6968, 4330, 6214, 7209, 1072, 5918, 5501, 4361, 7731, 8284, 4422, 3686, 848, 5871, 4852, 7434, 2991, 87, 2407, 3280, 5244, 2952, 1176, 3591, 5127, 3525, 6761, 5908, 3052, 3758, 7219, 8123, 4787, 5543, 704, 8146, 138, 3199, 8504, 1268, 8235, 8659, 5940, 2925, 3393, 3064, 1990, 742, 3499, 681, 5041, 3305, 5231, 3442, 5317, 3348, 7818, 8212, 2096, 3414, 2611, 5842, 6838, 3195, 2605, 5274, 8847, 7361, 5549, 2828, 1651, 3750, 260, 968, 1292, 4644, 3725, 6708, 6827, 1231, 7778, 3659, 7468, 6725, 7239, 5910, 2588, 6478, 6716, 283, 6012, 5697, 6413, 7471, 5010, 6255, 34, 8445, 4989, 8773, 7163, 5431, 3984, 5260, 4328, 7236, 4885, 1808, 7739, 5187, 4115, 2058, 6638, 4839, 7990, 6939, 950, 5272, 6542, 140, 4113, 7230, 1406, 650, 1274, 4511, 8747, 7176, 3266, 361, 1880, 3160, 1258, 1102, 5621, 5249, 1636, 8152, 7027, 7709, 7055, 8846, 7619, 4899, 903, 6008, 643, 6580, 5807, 280, 3235, 1215, 795, 2158, 4126, 6306, 6921, 6017, 4589, 7478, 5107, 4660, 8597, 590, 7654, 548, 4710, 1275, 1559, 3396, 2260, 7365, 21, 2549, 1173, 4743, 1737, 7732, 411, 4033, 4427, 2550, 3410, 3886, 4148, 3262, 7325, 7110, 2672, 535, 2760, 440, 8372, 8042, 5785, 6388, 8304, 4880, 6866, 5675, 3033, 2237, 6786, 8045, 5595, 7107, 3874, 8188, 4004, 2670, 5121, 8369, 1266, 834, 7192, 3496, 5109, 7583, 5199, 8772, 5394, 4050, 2854, 2091, 3075, 5432, 8873, 3862, 7012, 6441, 8836, 3035, 4603, 537, 3476, 1963, 6930, 6931, 2576, 1945, 2338, 819, 8667, 2243, 818, 8566, 1905, 301, 8170, 4704, 7413, 4182, 4323, 2383, 2552, 5529, 1526, 1993, 6153, 5744, 7313, 4089, 2758, 6024, 7973, 6567, 3138, 7391, 2106, 8153, 3749, 1139, 2647, 2241, 3403, 2072, 5399, 7864, 959, 3638, 1819, 8291, 2196, 8203, 8474, 6123]
58:[356, 7272, 6449, 7495, 7884, 5666, 3269]
59:[2724, 5546, 4155, 6670, 1925, 1787, 1182, 4869, 7353, 8338, 8695, 2366, 2046, 8058, 8182, 7719]
60:[3762, 8139, 7492, 8872, 6878, 1447, 6698, 3752, 2457, 6258]
61:[6555, 5372, 890, 6147]
62:[2875, 135, 3479, 1893, 2006]
63:[4860, 5169, 4112, 5235, 6359, 3248, 3557, 7929, 262, 3083, 5558, 3066, 4040, 6513, 3508, 445, 4287, 935, 2141, 8131, 2387, 3284, 8302, 2368, 2615, 5872, 5039, 1929, 3344, 4838, 5894, 5626, 6115, 2999, 6247, 7131, 2844, 23, 7453, 7991, 602, 4037, 2833, 758, 2082, 7464, 8186, 8211, 3798, 5623, 7117, 8524, 5308, 8400, 3331, 4971, 6212, 6988, 916, 6038, 2782, 7497, 1434, 2004, 2652, 3, 2846, 4246, 2619, 19]
64:[4895, 887, 3980, 8347, 8023, 127, 5873, 1718, 6079, 8263, 8634, 396, 5644, 5696, 7193, 8698, 1956, 8790, 8104, 5672]
65:[4453, 3588, 1947, 7322, 5599, 1372, 3316, 6893, 5561, 6276, 336, 2583, 4094, 8514, 6152, 8845, 2190, 2266, 3355, 7796, 7366, 4679, 1123, 4218, 2374, 6577, 4286, 4498, 1879, 4659, 2293, 5970, 1473, 3468, 5005, 7518, 8075, 408, 2484, 1168, 7303, 8699, 8387, 7801, 2210, 7953, 5459, 6768, 632, 6994, 3317, 5818, 5162, 1684, 7488, 3121, 2062, 3049, 3823, 7886, 1965, 4484, 2124, 5782, 2682, 6471, 6510, 2636]
66:[8626, 2488, 8704, 3854, 1463, 1273, 1402, 4013, 8325, 3462, 7147, 4259, 198, 6183, 7079, 1899, 4183, 6211, 6100, 3140, 5354, 3336, 4026, 2408, 2211, 1508, 8010, 5013, 8780, 1181, 4741, 8727, 85, 4298, 7612, 5566, 8671, 7710, 6732, 97, 2637, 4314, 1374, 617, 8689, 3930, 5786, 5150, 1307, 4506, 6475, 8809, 3236, 7938, 2791, 2555, 7883, 6208, 5007, 1028, 4909, 2255, 4559, 1633, 2610, 2395, 8242, 5322, 5762, 7921, 2556, 4332, 5727]
67:[4593, 1327, 2723, 6307, 7636]
68:[7610, 7765, 5977, 8454, 7904, 6077, 5783, 8453, 2132, 1315, 6438, 8655, 1711, 8822, 4822, 2459, 3255, 4261, 10, 3445, 8766, 572]
69:[5153, 1646, 7481, 3643, 6404, 2753, 4705, 4627, 6605, 6880, 1529, 4922, 1047, 6473, 7501, 698, 6270, 4946, 6446, 8340, 5226, 4921, 5795, 3076, 3184, 4469, 1325, 2497, 315, 3030, 3338, 2035, 5604, 6322, 1301, 7724, 2285, 669, 8164, 5076, 4127, 1609, 7702, 5837, 5351, 6895]
70:[902, 1643, 1619, 7664, 8817, 7041, 106, 3813, 2564, 3166, 8074, 6938, 7829, 3466, 5714, 3014, 371, 1773, 5789, 5066, 8818, 4547, 6380, 6517, 3968, 8273, 1712, 1903, 2922, 7507, 666, 4282, 6246, 2711, 1977, 4100, 6219, 816, 6887, 8647, 3426, 8804, 4299, 8864, 5907, 6898, 8583, 244, 1801, 5674, 5138, 6104, 8503, 1484, 3697, 4914, 1008, 3784, 2590, 2215, 6384, 5212, 7446, 4405, 971, 5112, 3062, 1623, 302, 5928, 663, 7819, 5106, 6789, 7828, 6515, 1974, 7082, 5330, 2667]
71:[6386, 7635, 6532, 7378, 4289, 7560, 1446, 633, 5200, 7095, 2450]
72:[5839, 5151, 7375, 3337, 5136, 4657, 3190, 2355, 3860, 4653, 5946, 2330, 2745, 3527, 5950, 3504, 4540, 3207, 5319, 1670, 1278, 863, 3001, 2898, 1756, 2419, 7604, 2422, 4485, 5669, 3237, 5156, 4735, 108, 7895, 3887, 4859, 2645, 2083, 1095, 8664, 6889, 1251, 179, 7601, 1558, 1574, 8549, 8528, 3440, 3261, 4438, 5084, 6040, 4974, 2192, 5283, 7558, 6628, 168, 7733, 4874, 2642, 8433, 78, 952, 3703, 7700, 7774, 5166, 2694, 3197, 2009, 6290, 3985, 216, 6007, 250, 7345, 5021, 3003, 3360, 3642, 5155, 1571, 2465, 14, 533, 2892, 403, 2319, 3909, 8012, 2705, 2996, 6912, 5465, 3394, 7465, 627, 5603, 2308, 473, 4533, 5545, 4954, 4322, 4748, 2731, 1300, 4477, 2376, 2292, 5011, 3346, 8857, 7491, 8027, 6462, 8779, 7436, 3498, 2600, 1675, 2087, 2381, 4508]
73:[459, 3351, 2825, 2857, 5788, 4813]
74:[6675, 4562, 5158, 7350, 3532, 5743, 2809, 7125, 3882, 561, 1595, 5255, 8798, 574, 6972, 1331, 4521, 1392, 7486, 3381, 2826, 6690, 8812, 6000, 8210, 8382, 6911, 7430, 1471, 8237, 4937, 3771, 4096, 3254, 850, 2620, 5295, 2092, 1340, 2069, 2750, 7628, 8853, 8341, 1681, 4105, 8313, 7913, 983, 2029, 6411, 5920, 2101, 5254, 3932, 5919, 7386, 5622, 3298, 5521, 4396, 8275, 1117, 6829, 2915, 1989, 8236, 5586, 3299, 3700, 1919, 7395, 6041, 7206, 1161, 2233, 8308]
75:[5252, 8678, 563, 2399, 3472, 2737, 255, 2567, 6974, 6265, 4185, 7038, 3142, 832, 7408, 3734]
76:[8478, 3131, 849, 6050, 5419, 1687, 2479, 3666, 2632, 1661, 7594, 2471, 901, 2077, 1239, 352, 2230, 5195, 5495, 2007, 831, 8434, 2766, 5509, 7673, 754, 862, 7857, 2558, 4926, 1763, 8672, 7364, 8213, 5629, 4795, 3379, 4168, 7905, 3654, 3873, 2340, 7722, 7945, 8867, 4424, 3301, 6772, 4715, 7295, 5735, 7851, 6856, 1409, 7545, 3524, 1860, 4359, 4238, 5632, 7567, 1440, 6942, 7045, 6669, 472, 4894, 8834, 2244, 1285, 8625, 8070, 1565, 8017, 3438, 3419, 7227, 3404, 4840, 2756, 6962, 4276, 4121, 1174, 1721, 7621, 674, 4129, 4697, 4367, 5080, 2795, 889, 223, 5619, 2198, 3851, 8447, 4326, 3168]
77:[1458, 7916, 1784, 1043, 904, 7070]
78:[3109, 2129, 6782, 4915, 1415, 2817, 4381, 3826, 6859, 2544, 8495, 8479, 1088, 1841, 4577, 2701, 7611, 4875, 1104, 5497, 4942, 4467, 2733, 8522, 6394, 1691, 8593, 265, 1567, 4980, 8782, 3843, 6273, 6976, 5774, 7205, 2328, 1814]
79:[2624, 7319, 1759, 6301, 5414, 3353, 3260, 1524, 8227]
80:[6422, 2801, 5899, 4274, 1842, 5474, 6337, 5277, 1422, 5469, 2491, 8421, 499, 6496]
81:[1900, 2831, 7663, 4489, 2764, 7788, 1368, 2052, 7911, 6113, 2170, 394, 954, 236, 5062, 3180, 8505, 3973, 203, 3173, 7120, 895, 6105, 3454, 390, 7528, 2905, 7850, 7363, 7308, 8272, 5829, 4584, 6862, 2618, 4046, 1280, 3314, 3918, 7189, 5912, 5796, 5012, 292, 5982, 2865, 3913]
82:[6169, 4329, 4385]
83:[7351, 1614, 3797, 4346]
84:[3593, 2910, 858]
85:[5247, 7049, 4347, 6080, 6020, 6587, 6950, 1177, 263, 4803]
86:[5480, 2983, 4331, 8163, 2531, 1048, 8394, 2432, 4959, 2213, 7947, 6371, 4171, 6111, 7470, 8740, 3144, 5059, 5750, 2483, 8706, 2246, 1029, 2060, 6491, 8582, 1850, 8778, 2372, 7943, 3928, 6180, 1550, 8352, 5198, 2963, 4043, 3629, 5425, 8658, 2849, 4670, 7599, 575, 2755, 3297, 7764, 8054, 6739]
87:[1125, 5114, 8322]
88:[6428, 2874, 8649, 5559, 3484, 1973, 2320, 2322]
89:[5293, 7466, 555]
90:[478, 75, 137, 3702, 2997, 3203, 4061, 8337, 1140, 1083, 4783, 7087, 3211, 4077, 7817, 6680, 1185, 1695, 4829, 8367, 2195, 1119, 979, 3841, 5555, 4118, 6684, 6699, 1398, 2986, 8283, 7689, 5703, 5355, 6181, 7088, 6971, 3053, 1811, 1795, 794, 730, 6924, 646, 5404, 2589, 3408, 773, 7401, 7234, 6807, 2592, 3935, 3850, 6960, 1909, 8165, 3986, 3526, 7980, 1305, 2528, 7694, 8151, 7561, 6897, 442, 5267, 8384, 4280, 2771, 6295, 874, 1970, 3205, 8603, 4039, 8190, 8209, 6855, 5651, 1225, 7454, 4169, 3708, 6674, 7450, 6037, 4053, 2200, 7265, 3977, 6832, 7432, 5585, 2109, 42, 4997, 1018, 7232, 1911, 5809, 4702, 8267, 5945, 597, 4613, 61, 6783, 3038, 2736, 2120, 1714, 3584, 8371, 6459, 3983, 8316, 5841, 6494, 1343, 6424]
91:[3763, 3597, 938, 929]
92:[4057, 1762, 384, 5778, 4370, 8452, 4407, 29, 8767, 3626, 2890, 1401, 5948, 1782]
93:[1212, 6926, 1464, 8892, 5540]
94:[5681, 3712, 2231, 6644]
95:[5124, 2161, 3478, 1704, 5063, 8132, 1203, 2951, 6065, 7902, 1105, 8891, 969, 5752, 790, 5828, 4319, 3975, 5775, 52, 8461, 7248, 3123]
96:[821, 5965, 314, 5676, 8574, 2086, 1957, 6549, 4194, 1872, 3996]
97:[7221, 780, 343, 462, 4918, 4222, 8831, 5770, 2818, 7949, 1827, 7741, 4404, 3782, 4992, 2102, 3110, 6794, 2965, 581, 5531, 2888, 7770, 5412, 2276, 1197, 5015, 6240, 3866, 3630, 3436, 3616, 6727, 2960, 6385, 2660, 7229, 7014, 1098, 7052, 6957, 4197, 5574, 5132, 7868, 8641, 6398, 1265, 5089, 6298, 6287, 639, 673, 5350, 6655, 6082, 2769, 3943, 5120, 3091, 5589, 1093, 7076, 7645, 2696, 609, 941, 5553, 3621, 6731, 6218, 2272, 4459, 1686, 917, 2027, 7225, 8390, 721, 6560, 897, 8738, 6594, 5410, 8730, 4451, 5859, 1536, 12, 8258, 6652, 8375]
98:[8621, 2786, 8881, 4685, 4069, 8405, 175, 200, 13, 4107, 2421, 5337, 2440, 7472, 3232, 5102, 4267, 6516, 7057, 4296, 1594, 4936, 2534, 580, 1493, 1848, 6232, 2816, 6360, 8168, 7551, 5974, 8785, 6546, 2180, 4574, 4930, 4804, 6353, 2746, 2943, 1955, 2807, 57, 2359, 6366, 4754, 3218, 6906, 5178, 5742, 7277, 1382]
99:[5135, 2112, 3765, 7051, 8712, 845, 63, 1500, 2595, 80, 5281, 1365, 241, 8193, 5724, 3167, 17, 1807, 2518, 434, 8482, 1009, 4694, 8356, 4666, 7646, 3059, 3534, 7130, 992, 5898, 1037, 1395, 7002, 1666, 4211, 6445, 5826, 2136, 4561, 7001, 8133]
100:[161, 7763, 5577, 1423, 7790, 8820, 1997, 5527, 1257, 3606, 6603, 3863, 2179, 6535, 7574, 7862, 6780, 4360, 7524, 6543]
101:[2365, 5923, 8052, 4432]
102:[6049, 825, 3632, 7048, 4305, 5852, 3071, 1634, 8098, 2729, 6418, 2080, 4886, 5110, 3477, 693, 2059, 1242, 1857, 6923, 6476, 6098, 7349, 5705, 5284, 4001, 1608]
103:[851, 3754, 4034, 2751]
104:[3817, 5902, 8637, 2107]
105:[7769, 8560, 6447, 4163, 8056, 4929, 3405, 6085, 1291, 3070, 6166, 618, 4565, 4448, 4011, 7979, 6688, 592, 6576, 6451, 2411, 4602, 4425, 8694, 2458, 6096, 7102, 7687, 6689]
106:[8312, 5986, 1200, 2893, 8161, 335, 1414, 4826, 6682, 3169, 893, 4059, 7458, 6767, 1869, 8219, 3178, 8332, 7752, 3948, 6308, 7510, 4285, 872, 6341, 8147, 5257, 7098, 2578, 4928, 4898, 446, 3936, 4083, 7188, 4945, 8068, 415, 1792, 587, 7298, 878, 1889, 2263, 3444, 5190, 8004, 5922, 2664, 2271, 8656, 963, 588, 4071, 1562, 2617, 3425, 24, 1345, 1170, 1236, 5963, 7955, 5517, 8475]
107:[578, 2193, 4042, 4846, 713, 8166, 7411, 3511, 3894, 1728]
108:[323, 6714, 6427, 7121, 156, 789]
109:[3989, 705, 2714, 7708, 1060, 8776, 8557, 3522, 1941, 8792, 8232, 833, 1650, 990, 4913, 1244, 2887, 5567, 3517, 7707, 8360, 5535, 6579, 653, 5835, 5791, 2962, 7543, 2830, 1243]
110:[7984, 7915, 6401, 1748, 1099, 3420, 8756, 6383, 2904, 6053, 3610]
111:[6493, 970, 6509, 8802, 8016, 288, 2739, 3699, 5568, 4604, 8471, 733, 4160, 4490, 6188]
112:[375, 5620, 6863, 7526, 8633, 564]
113:[2447, 1757, 2223, 3506, 7908, 1659, 2099, 5382, 3857]
114:[4696, 3217, 3728]
115:[7753, 2294, 5218, 2747, 8644, 3788]
116:[3328, 2972, 4006, 6919, 857, 4731, 3503, 44, 4236, 1863, 661, 2946, 3982, 6358, 5542, 6376, 3334, 8451, 5822, 4728, 7075]
117:[6171, 8176, 2540, 612, 7585, 1152, 5131, 5242, 6279, 6872, 807, 5640, 4957, 6133]
118:[2362, 4587, 125, 2841, 933, 924, 1653, 7403, 5149, 6474, 7554, 2719, 1448, 3034, 7679, 4850, 5050, 1144, 7252, 3231, 7730, 1150, 3431, 5297, 1806, 697, 5077, 7402, 5181, 412, 5635, 1644, 8060, 2485, 2522, 861, 7091, 2790, 5630, 7509, 2369, 6612, 237, 3565, 8230, 436, 6721, 3714, 3373, 7958, 4873, 1486, 3931, 8097, 3731, 4491, 5964, 4626, 2005, 366, 5460, 6611, 4635, 4371, 8370, 7800, 8200, 701, 1908, 6521, 8244, 3959, 3776, 306]
119:[4908, 1296, 3515, 3650, 8507, 7314, 2703]
120:[1444, 723, 5576, 585, 1649, 3224, 4027, 2250, 6740]
121:[3172, 1462, 3965]
122:[4315, 5551, 5682]
123:[7282, 4539, 1668, 4290, 5033]
124:[2856, 3559, 6973]
125:[7484, 4582, 3896, 6830, 3633, 5143, 5376, 8805, 2861, 2444, 3637, 4721, 5365, 233, 2028, 3556, 2800, 2384, 8709, 7926, 6035, 7970, 687, 2441, 7294, 4962, 153, 4226, 176, 7444, 3568, 7932, 77, 5880, 1986, 4067, 1641, 2277, 1720, 3622, 8568, 4262, 6854, 5315, 5208, 615, 217, 2031, 6046, 8748, 5104, 7060, 8815]
126:[6508, 3646, 4306, 6793, 1921]
127:[8661, 110, 1086, 5647, 5438, 4834, 3628, 7077, 2903, 4832, 1295, 4800, 6562, 4362, 7521, 1897, 4910, 4074, 1485, 4853, 1206, 1073, 4538]
128:[3021, 7834, 4790, 6436, 7910, 4339, 3456, 1373, 7854, 5064, 1802, 8787, 1492, 6083, 5988, 8883, 7094, 7416, 6981, 1647, 6813, 596, 4594, 1250, 6691, 4836, 8050, 5590, 6387, 7112, 1129, 1071, 884, 5707, 7126, 109, 3044, 711, 5877]
129:[1408, 1235, 2075, 3635]
130:[8885, 141, 484, 1302, 3691, 4982, 3176, 1999, 7260, 6566, 1951, 4309, 3722, 8046, 8762, 1367, 4784, 4279, 4970, 1516, 4474, 7631, 2159, 374, 3707, 8107, 2090, 4628, 3821, 799, 7341, 5978, 1263, 566, 7697, 3796, 6257, 8299, 4277, 6064, 1576, 3844, 2281, 6787]
131:[3230, 5209, 3636, 6743, 8595]
132:[8533, 3903, 4773, 6867, 6369, 7659, 6318, 5265, 1192, 2768, 5047, 45, 1791, 6454, 329, 419, 1491, 2585, 4303, 4630, 8807, 7197, 8323, 4378, 1049, 3416, 4585, 837, 5909, 310, 4771, 8254, 6117, 4518, 4911, 4463, 8768, 6309, 5777, 1020, 5318, 1627, 5186, 6356, 2919, 8759, 6425, 279]
133:[7031, 3900, 7414, 2183, 5313, 397, 4153, 7841, 1940, 5385, 1910, 974, 7156, 4661, 1980, 2171, 6664, 3413, 424, 558, 2143, 1389, 4640, 4369, 5489, 7965, 6710, 8862, 623, 7274, 8488, 966, 8399, 5655, 4265, 221]
134:[7241, 8043, 95, 3267, 8319, 8231, 552, 3492, 6677, 4048, 6272, 3497, 4848, 4447, 4336, 6860, 7562, 51, 2306, 867, 7373, 2845, 395, 1982, 5188]
135:[4445, 8555, 3651, 6157]
136:[479, 177, 6657, 2687, 2021, 2895, 130]
137:[829, 5271, 31, 3743, 7931, 322, 3312, 1750, 734, 1754]
138:[7777, 1777, 1705, 4820, 256, 2889, 5597, 6653, 660, 7263, 4669, 955, 5457, 4411, 65, 7399, 4854]
139:[7845, 4686, 3192, 4128, 7761, 7187, 4504, 3778, 8587, 7158, 4761, 2935, 8080, 4335, 6056, 891, 5471]
140:[3775, 4789, 2538, 8240, 1660, 6107, 7896, 7367, 3505, 5108, 778, 5723, 5534, 4045]
141:[2163, 404, 4002, 7656, 864, 6136, 5435, 2799, 4111, 358, 7433, 6071, 7892, 7032]
142:[5423, 6131, 7683]
143:[8091, 1770, 6993, 5602, 6327, 6641]
144:[3612, 6997, 6687]
145:[5562, 7757, 7067, 3480, 1087, 8646, 2574, 4524, 5580, 8729, 6114]
146:[4441, 3342, 6437]
147:[5275, 1490, 2649, 4752, 2570, 5204]
148:[667, 4075, 4612, 4920, 7073, 1349, 8513, 5876]
149:[1867, 2716, 6775, 8652, 3118, 3656, 4941, 464, 6882, 3693, 2185, 8559, 2885, 5659, 286, 6853, 3599, 8358, 1254]
150:[7565, 1530, 6039]
151:[6498, 1329, 6561, 7059, 7536, 6453, 8136, 278, 1313, 8435]
152:[5611, 1220, 4842, 2352]
153:[5426, 8543, 5406]
154:[654, 3228, 7927]
155:[290, 5958, 6102, 814, 8429, 6051, 3087, 7080, 8079]
156:[797, 8708, 8580, 3085, 6151]
157:[1044, 5799, 3208, 8030, 543, 1094, 6191, 6965, 2164, 1299, 6639, 1513, 2928, 943, 405, 8277, 1975, 1314, 2020, 5086, 6779]
158:[2631, 7762, 2727, 2130, 7511, 7343]
159:[8562, 5306, 5025]
160:[685, 2238, 3538, 4857]
161:[8265, 2032, 3441, 2744, 4215, 6604, 1556, 304, 6791]
162:[1205, 8002, 6695, 5924, 2463, 2713, 6296, 5384, 1588, 5650, 4548, 7043, 1400, 2304, 4781, 8228, 5947, 1204, 2287, 6450, 750, 4200, 6372, 8735, 7744, 4072, 7743]
163:[1495, 3129, 2448, 690]
164:[6467, 2149, 691, 167]
165:[5557, 2501, 5702]
166:[185, 409, 2248, 7123, 4056, 6223]
167:[8143, 5851, 3997, 468, 7570, 1017, 8515, 7849, 5971, 647, 4620, 3122, 3888, 4907, 5869, 363, 6788, 8260, 4090, 2641, 8844, 4646, 8725, 6925, 94, 7018, 3933, 2114, 2533, 7275, 945, 2220, 6060, 1346, 1252, 7860, 3603, 2772, 8839, 7993]
168:[6325, 3595, 3304, 8613, 1111, 2360]
169:[268, 5864, 5700, 192, 6479, 7026, 425, 7538]
170:[3878, 8645, 6128, 803, 7157, 5090, 5048]
171:[8530, 7279, 1543, 6932, 8754, 4149]
172:[4629, 7328, 3761, 5938]
173:[988, 8404, 8493]
174:[1120, 4292, 1127, 7514, 5228, 7701, 3605, 7179, 5678, 573, 450, 593]
175:[7779, 3359, 2827, 8430, 6534, 2762, 1419, 2228, 1887, 8279, 6952, 5709, 7593, 7575]
176:[8894, 466, 2247]
177:[8643, 6777, 1933, 2093, 3608, 1758, 8460, 5771, 5956, 5290, 5827, 7669]
178:[3942, 7307, 7100, 1381, 3275, 6228, 576, 6713, 475, 4592]
179:[2167, 3152, 715]
180:[4866, 4065, 2924, 1959]
181:[6815, 2212, 4230, 2110, 3783, 7937, 3578, 3794, 7281, 4552, 2774, 3427, 5679, 3741, 1735]
182:[2001, 5486, 8750]
183:[5083, 953, 3047, 6456, 8440, 3760, 8443, 6485, 1868, 5765]
184:[74, 5236, 1775, 7083, 4, 5698]
185:[117, 1062, 828, 1377]
186:[486, 4801, 7269]
187:[1128, 1112, 1820, 8249, 5310, 3747, 1360, 7108, 3428, 1281, 8071, 1557, 2644, 4655, 3182]
188:[251, 5470, 2024, 6092, 4879]
189:[4217, 7751, 3921, 7549, 2346, 3451, 6421, 6724]
190:[8801, 6379, 6226]
191:[441, 1256, 6623, 191]
192:[1130, 6288, 8630, 7013, 772, 8538]
193:[1626, 4220, 5498, 3677, 5843, 3799]
194:[2426, 186, 5648, 3787]
195:[8093, 2358, 2468, 600, 3956, 4340, 4960]
196:[8627, 5022, 1209, 6572, 4799, 3006, 4095, 788, 5814, 3092, 5483, 1410, 5408]
197:[8145, 4693, 1672, 3356, 5663, 7346]
198:[8856, 2992, 2438, 1873, 7903]
199:[3533, 163, 3112, 2551, 2480, 7085, 1135, 2863, 7721, 8020, 582, 2456, 6741]
200:[92, 3988, 3819, 7477]
201:[3792, 3777, 3422, 7874]
202:[926, 8614, 5436, 8037, 5058, 3391, 4893, 8282, 3645, 1652, 5493, 230, 1498, 708, 8031, 3009, 8140]
203:[8512, 7690, 495, 427, 2379, 7410, 7393, 1972, 4480, 4038, 8592, 4333, 4073, 2297, 166, 3674, 4109, 7212, 8426, 6700, 8760, 1179, 6582]
204:[1272, 756, 4678, 18, 6758, 7376, 8006, 1416]
205:[4212, 5173, 4084]
206:[4154, 5921, 523, 5264, 4093, 2089, 2288]
207:[2970, 300, 3080, 3343, 1387, 6439, 5761, 8103, 7222]
208:[559, 5745, 1108, 6168]
209:[1833, 3620, 4152]
210:[4466, 3098, 2066, 8127]
211:[776, 8442, 4812, 27]
212:[7906, 6187, 8300, 5808, 8701]
213:[7304, 725, 6182, 8529, 2000, 368, 3807]
214:[6420, 6614, 5078, 430, 8297]
215:[2858, 589, 4325, 557, 2871, 5464, 2156, 8306, 4738, 3485, 4081, 8752, 2738, 3546, 908, 199, 1862, 648, 5371]
216:[7667, 5133, 500, 2329]
217:[5119, 6076, 7835]
218:[8679, 8243, 3652]
219:[4368, 4402, 8290]
220:[7715, 5245, 509, 6907, 8517, 7165, 4496, 2467, 3692, 8418, 1599, 8521, 546]
221:[6683, 5237, 5420, 7276]
222:[4865, 1366, 6803, 4268, 5071, 8547, 3972]
223:[4375, 1430, 2436]
224:[8688, 2602, 3685, 6502, 7214, 5346, 3313, 376]
225:[7037, 3157, 1411]
226:[1729, 4189, 5671, 5618]
227:[2994, 1539, 2698]
228:[6429, 2191, 1546]
229:[2437, 1690, 3227]
230:[8604, 6405, 4717, 295, 2474, 5224, 2520, 5600, 254]
231:[4317, 2655, 7129, 8739, 892, 211]
232:[379, 7891, 2979, 2515]
233:[8629, 6941, 4550, 4398, 6075, 8217, 421]
234:[2252, 4173, 6548, 6164]
235:[8721, 3883, 5639]
236:[2208, 6124, 4177]
237:[6225, 6022, 2562, 1210, 5833]
238:[3920, 3946, 1540]
239:[66, 3891, 287, 4062, 7533, 8082, 3458, 2443]
240:[3281, 4134, 5191]
241:[8800, 5256, 7630, 3953, 35]
242:[2023, 7181, 3043, 7815, 4607, 603, 2012, 5662, 4172, 6719, 4590, 8366, 3082, 8034]
243:[1042, 6559, 7633]
244:[3435, 6135, 6676, 456]
245:[1202, 5803, 4431, 3767, 1696, 1437, 8483, 4699, 180, 2763, 6753, 1090, 6019, 6348, 1247, 6835, 1468, 1522, 4642, 460, 4251, 5266, 686, 2707, 4651, 8250, 8848, 4456, 5953]
246:[1233, 3460, 1438]
247:[3978, 2406, 423, 4597, 3368]
248:[6262, 2401, 5230, 7951, 3614]
249:[3732, 3055, 1523, 8571, 6347, 8702]
250:[6455, 3846, 113]
251:[386, 4086, 4522, 8423, 4858, 7956, 6817, 7451, 1133, 1282, 1637]
252:[8852, 5481, 2116, 4005, 5792, 7923, 5813]
253:[8806, 5358, 5168, 6430]
254:[3974, 1191, 3518, 8775, 3175, 5017, 5881, 2134, 8789, 7919]
255:[2236, 3554, 8484, 6264]
256:[4145, 234, 3987, 724, 8198]
257:[4391, 6621, 7246]
258:[7802, 1290, 3210, 6737, 2016]
259:[1245, 8059, 4237]
260:[3827, 1548, 5514, 1436]
261:[5040, 7807, 8564, 8668, 8124, 378]
262:[189, 1654, 3791, 2864, 3528, 7944, 1734, 2726, 3507, 7312]
263:[298, 1843, 3271]
264:[1052, 1481, 510, 2603, 2133]
265:[2404, 316, 3999]
266:[2879, 4227, 6004]
267:[145, 517, 8402, 1134]
268:[2725, 4623, 8808]
269:[7438, 1815, 5755, 8607, 1577]
270:[6933, 4718, 4386, 2958]
271:[7986, 2810, 6879, 1832, 4532, 7642, 7215, 1640]
272:[5992, 2081, 8777, 3380, 6468]
273:[7381, 8202, 4774, 2342, 5321, 8446, 7406, 507, 7847, 360, 2941, 3895]
274:[5609, 4297, 4707, 3032]
275:[1466, 6052, 6126]
276:[105, 6886, 6951, 3904, 2353]
277:[1954, 871, 951]
278:[1056, 8455, 2275]
279:[4288, 2954, 476]
280:[4555, 3690, 8527]
281:[6715, 5367, 1572, 6909]
282:[5359, 1385, 345, 6021]
283:[6520, 3950, 1713, 1996]
284:[2207, 7184, 3026]
285:[5804, 8105, 7124, 1603, 5578]
286:[8596, 4876, 5407]
287:[2446, 6940, 1976]
288:[2168, 6692, 5475, 7897, 762]
289:[219, 1797, 810]
290:[1369, 3589, 2279]
291:[3805, 2317, 5858]
292:[1023, 2822, 136, 4964, 346, 8657, 5383, 6999]
293:[6584, 5533, 5396]
294:[1439, 8009, 3835, 5282]
295:[1823, 3793, 7588]
296:[2361, 6646, 2050]
297:[1658, 842, 5402, 5344]
298:[4871, 71, 1443, 7592]
299:[2490, 912, 7280, 4856]
300:[8096, 5790, 5596, 4656]
301:[610, 567, 7887]
302:[4714, 1207, 2221]
303:[289, 7267, 2219]
304:[2274, 6391, 1699]
305:[7767, 157, 4021]
306:[1570, 2776, 3433, 2777, 8334]
307:[6300, 4310, 7487]
308:[5253, 1886, 8714, 991, 5238]
309:[5773, 3624, 3941]
310:[4683, 4092, 1114]
311:[6239, 4700, 6630]
312:[7342, 1884, 8328]
313:[1924, 8361, 3333, 4135, 6231]
314:[6224, 3868, 2030]
315:[2820, 6922, 7442]
316:[740, 5564, 7380, 562]
317:[7242, 657, 5287]
318:[2953, 2127, 3849]
319:[8618, 1007, 2349]
320:[3401, 3564, 7316]
321:[8651, 4557, 3117]
322:[5934, 8796, 3837, 1287]
323:[5403, 8666, 7036]
324:[7355, 1338, 3961]
-1:[160, 8795, 501, 2025, 8218, 3542, 764, 8889, 1515, 3955, 6251, 784, 7194, 3831, 931, 69, 5652, 8201, 6717, 8296, 3995, 7846, 3922, 8731, 1171, 1350, 6292, 1517, 2947, 584, 3164, 1103, 7668, 1038, 7827, 4903, 8035, 1817, 4058, 5248, 7240, 1776, 443, 6072, 4486, 6541, 4393, 6752, 4996, 6150, 8799, 5787, 4868, 1755, 7201, 3871, 2123, 7245, 4257, 5243, 8403, 7950, 6590, 8509, 2258, 7607, 4136, 1351, 3063, 1673, 3141, 90, 7072, 5539, 5363, 2388, 8118, 1427, 8354, 4244, 8619, 2245, 3136, 2575, 8066, 6602, 6249, 8262, 3051, 7597, 6078, 6216, 8120, 8149, 4281, 1342, 3563, 6900, 7578, 3056, 5939, 4932, 8172, 8581, 3912, 6068, 339, 7666, 682, 4568, 554, 1284, 3539, 6336, 3374, 2187, 2601, 8078, 4382, 3162, 6979, 3295, 1914, 3074, 5019, 7952, 6928, 4948, 1606, 498, 5798, 3008, 8570, 7787, 8350, 1891, 5499, 5434, 6773, 6103, 8849, 6490, 7680, 1739, 2775, 5378, 1057, 1656, 4070, 4176, 3315, 1935, 1449, 7728, 8416, 7204, 3869, 2122, 6935, 1456, 3877, 6547, 3701, 4843, 4301, 6282, 7833, 2445, 3017, 3220, 7421, 5395, 2499, 5605, 3598, 4235, 1069, 3981, 7320, 8786, 2234, 3820, 3156, 3069, 1939, 1297, 8498, 467, 1922, 3818, 3042, 6955, 7873, 1001, 3705, 6185, 2160, 868, 7000, 1503, 2514, 6299, 2064, 5772, 1399, 129, 229, 4739, 2587, 224, 7210, 6637, 3814, 5613, 4615, 7624, 8008, 6812, 39, 4099, 1892, 5779, 786, 3665, 2735, 7310, 3214, 7546, 1743, 1031, 2036, 5670, 3077, 8718, 1046, 5784, 6230, 3801, 8893, 3200, 4652, 6197, 3899, 8840, 3101, 5879, 4253, 7162, 885, 1913, 7566, 2968, 785, 5615, 4413, 8294, 540, 881, 1534, 835, 3212, 7964, 6093, 6434, 6006, 197, 252, 497, 480, 3847, 2717, 8868, 5962, 6465, 7017, 1418, 1855, 3742, 3387, 7299, 1890, 6314, 3088, 605, 3450, 6523, 511, 1309, 3523, 1830, 1707, 2961, 381, 2823, 4434, 7482, 8039, 8763, 7141, 1845, 7428, 5116, 5305, 7104, 3300, 3159, 8392, 1630, 5164, 5336, 3145, 1878, 3447, 122, 8339, 449, 7552, 208, 8424, 32, 3022, 418, 806, 6483, 8793, 2186, 4614, 2580, 3265, 6651, 5338, 5683, 4560, 3225, 984, 8500, 6031, 1224, 5105, 6303, 6842, 6227, 5442, 5043, 1096, 1131, 3185, 7997, 1978, 8437, 7459, 202, 6140, 6918, 5437, 1348, 8239, 6809, 8342, 1678, 3204, 5794, 8357, 8155, 7797, 422, 8696, 2949, 3709, 2278, 3541, 880, 1844, 6876, 7856, 5492, 5985, 1050, 4571, 6161, 3330, 6233, 5520, 684, 7723, 5760, 7028, 5466, 220, 2907, 474, 3611, 401, 5068, 8859, 4503, 5189, 1930, 2656, 1882, 2327, 7657, 3268, 2423, 1664, 8486, 7720, 6350, 5060, 4481, 1621, 5390, 5340, 2403, 601, 4742, 5979, 5720, 4723, 798, 3509, 900, 7954, 7369, 4273, 6370, 170, 5099, 2765, 8206, 2225, 8285, 4815, 560, 6801, 8558, 2375, 8412, 7799, 606, 3474, 634, 2364, 3795, 6501, 3446, 6145, 4103, 7069, 7727, 4139, 5211, 2392, 7174, 529, 4863, 6409, 8553, 3320, 30, 4802, 4068, 89, 3013, 541, 2201, 8858, 977, 7519, 6129, 3132, 8018, 2934, 3573, 6592, 131, 4690, 1079, 4897, 6205, 882, 3397, 6196, 5298, 5393, 7440, 6709, 2973, 1514, 3830, 5519, 6778, 5285, 5364, 6339, 6744, 2466, 7776, 8130, 5926, 4755, 2950, 553, 5759, 579, 8220, 7995, 549, 2430, 8280, 1583, 245, 2155, 1141, 444, 7907, 2635, 5392, 1613, 2662, 6750, 5, 7356, 5008, 2377, 3617, 3073, 7335, 1390, 4476, 6488, 1453, 8315, 6953, 8841, 6734, 4420, 7337, 2232, 7869, 1667, 4229, 2650, 6221, 8749, 6565, 5085, 5018, 6958, 8465, 1054, 1783, 4123, 2505, 3627, 4097, 3917, 6229, 3277, 6984, 8108, 4131, 2897, 5326, 471, 3596, 6062, 3914, 5802, 6345, 4566, 8223, 2709, 6248, 2715, 1931, 7615, 6797, 2475, 7231, 1798, 5332, 4933, 8142, 6435, 2710, 2261, 7703, 2495, 1339, 6215, 8835, 6210, 3449, 3354, 435, 5029, 7822, 680, 470, 7912, 2454, 1662, 2203, 4650, 1987, 1505, 2048, 4900, 3829, 3386, 7223, 4580, 8177, 1286, 6199, 1531, 7285, 1404, 2135, 8251, 7284, 3519, 4452, 4388, 3385, 2121, 6503, 7982, 5223, 5726, 4931, 3906, 1211, 5055, 2596, 796, 7046, 4737, 1380, 4541, 8707, 2427, 4833, 732, 7053, 1638, 8765, 508, 8125, 5594, 6505, 5693, 7772, 4621, 1002, 4470, 1363, 7081, 2878, 1003, 1586, 6757, 5513, 2347, 7253, 6550, 8427, 6552, 3571, 8497, 7195, 6495, 3789, 5227, 1107, 3619, 1321, 3307, 5642, 5607, 886, 5278, 6774, 5805, 6625, 7977, 3329, 1000, 4663, 4814, 1745, 2838, 5897, 6286, 348, 7920, 4458, 2942, 4712, 5721, 6284, 8683, 5980, 8192, 6609, 7771, 5591, 5614, 802, 4044, 8886, 5144, 7182, 1059, 6805, 7853, 2290, 5352, 3161, 3171, 6673, 5914, 8535, 3249, 2720, 8693, 4617, 7830, 6328, 1542, 4775, 3726, 7781, 7321, 4757, 6466, 5825, 783, 4675, 3567, 8575, 2937, 5446, 132, 7148, 4952, 852, 8398, 8021, 658, 2675, 4159, 2018, 8684, 3770, 513, 1012, 5780, 3072, 5026, 8770, 3531, 6679, 5581, 5325, 635, 3002, 1451, 7289, 769, 656, 2214, 5905, 4308, 7699, 5653, 5766, 2668, 3429, 709, 4976, 6263, 4124, 5625, 4275, 3364, 2877, 1383, 3114, 5891, 1551, 5556, 980, 5951, 225, 1781, 99, 8109, 3191, 391, 2400, 1137, 1196, 2519, 6631, 767, 2500, 4035, 8705, 4205, 6122, 6662, 321, 5201, 6156, 490, 8450, 6195, 1581, 3243, 231, 1692, 6175, 8794, 1885, 3689, 7127, 5570, 6291, 1097, 8490, 7084, 2796, 913, 7843, 7712, 4549, 7318, 7138, 7340, 6888, 4195, 1866, 6452, 3398, 7218, 2573, 6025, 2730, 5601, 7542, 5303, 4588, 8687, 3291, 1816, 4677, 1164, 5163, 3302, 5140, 3865, 8821, 2836, 6178, 1793, 7992, 1780, 8458, 4318, 1702, 2789, 7226, 2033, 7142, 5203, 7677, 4181, 4144, 7825, 5740, 6823, 8827, 5342, 6961, 7637, 4000, 4078, 196, 5523, 3412, 5079, 6818, 7978, 6578, 6127, 8682, 6836, 5511, 3540, 2684, 2529, 6254, 5461, 3966, 8713, 6392, 190, 5463, 3916, 7370, 3100, 8473, 7987, 7861, 8532, 5044, 4991, 5716, 2686, 3845, 3107, 1829, 994, 6728, 3881, 8728, 7804, 1563, 303, 1184, 2669, 2651, 7508, 5070, 326, 3423, 4471, 4744, 5222, 1420, 5846, 1968, 1578, 6991, 6642, 8414, 5505, 277, 5888, 209, 3671, 1639, 7329, 5901, 4648, 6790, 7167, 8157, 7003, 5020, 550, 3349, 7407, 2794, 4543, 1592, 8268, 8724, 2990, 214, 662, 1949, 4233, 5571, 5000, 3340, 178, 753, 4811, 2541, 6087, 6672, 7971, 6585, 243, 8246, 4141, 2289, 4978, 7584, 1877, 2748, 1809, 6481, 6159, 3213, 4998, 4213, 4219, 5154, 1506, 8691, 8115, 3244, 7981, 5528, 4435, 5608, 779, 6500, 4419, 4421, 8099, 1622, 8129, 6132, 28, 1364, 3688, 4977, 6624, 1847, 8191, 8850, 8197, 2506, 1839, 3120, 4025, 812, 5844, 8823, 4188, 5746, 7359, 3779, 5221, 4143, 4993, 1482, 8320, 6101, 7198, 8293, 1804, 2612, 2557, 683, 538, 5397, 7418, 5820, 7213, 4527, 5942, 3733, 4423, 7278, 6289, 7809, 4344, 3949, 922, 2085, 1730, 3292, 4749, 6840, 6512, 428, 7397, 1442, 4724, 8380, 8733, 194, 2513, 3289, 3097, 3089, 3187, 6158, 3241, 2282, 58, 8878, 7233, 631, 3520, 4351, 4765, 5816, 6206, 3756, 7513, 4348, 1518, 8072, 3925, 3780, 2993, 8128, 3586, 4147, 961, 6825, 5758, 6063, 5373, 8610, 3259, 5660, 3421, 5840, 8648, 8292, 1969, 775, 8869, 6884, 305, 3326, 5451, 7186, 826, 3555, 2683, 355, 7264, 2692, 276, 3915, 67, 4821, 6845, 2613, 6844, 7008, 3669, 5349, 6852, 3737, 1991, 4637, 4130, 8061, 2151, 6261, 212, 1942, 4260, 5817, 8303, 6470, 7479, 5903, 6990, 6890, 3347, 1230, 7805, 2166, 8510, 4608, 8207, 4495, 60, 7257, 317, 2702, 4701, 3832, 3960, 3494, 4564, 4179, 1655, 2145, 7935, 4358, 7352, 7852, 1876, 1208, 1080, 5061, 4793, 8420, 7504, 120, 6302, 4676, 6706, 5030, 6811, 6236, 8355, 2356, 3601, 1535, 2153, 1726, 7177, 205, 36, 1554, 1805, 6954, 1992, 6001, 7066, 7946, 7647, 3748, 524, 2948, 1774, 6759, 98, 1156, 4017, 4806, 6209, 2152, 568, 2509, 7940, 7183, 5009, 8014, 2, 7506, 3746, 2014, 3481, 8567, 522, 2508, 7840, 1901, 8178, 817, 8489, 4973, 6023, 1894, 7685, 4272, 8252, 6081, 6736, 6448, 1573, 3561, 3804, 165, 7338, 4624, 4085, 1509, 8877, 5592, 3139, 736, 744, 7622, 2103, 6648, 7261, 3061, 6342, 5834, 5130, 4917, 910, 282, 6983, 3867, 6618, 4412, 5536, 923, 6746, 7368, 6463, 2217, 8436, 5360, 1871, 626, 3068, 6927, 1089, 489, 504, 4030, 4870, 7339, 4142, 1585, 3717, 5560, 8055, 1396, 4698, 6108, 1838, 7885, 8546, 4777, 7400, 296, 5180, 2804, 3979, 6431, 297, 2938, 6395, 2267, 5781, 539, 3768, 5944, 5598, 2511, 2178, 7405, 2932, 182, 3007, 4210, 1926, 6026, 5448, 2312, 815, 6748, 2204, 6661, 6362, 5593, 416, 7093, 6858, 4904, 5113, 5961, 5049, 1786, 4523, 1615, 4872, 7169, 4912, 6305, 8865, 6271, 2337, 4779, 4082, 4454, 8110, 7590, 6589, 4668, 1218, 3242, 4688, 1983, 1470, 2175, 7783, 4514, 8639, 2568, 3880, 1537, 1289, 2022, 2648, 2013, 6397, 7152, 2886, 5027, 2780, 285, 3853, 8160, 6015, 5314, 1347, 2451, 8769, 3270, 4791, 823, 5537, 1499, 3967, 6242, 226, 5413, 7062, 8548, 3455, 1593, 8111, 2486, 6701, 7529, 3430, 6742, 124, 4947, 128, 402, 5717, 7467, 2691, 5207, 8038, 6606, 3388, 4106, 6800, 1465, 7760, 3251, 2227, 8887, 5998, 7717, 4938, 752, 5123, 173, 1322, 1779, 5643, 6599, 3382, 7820, 7786, 1070, 4740, 3418, 1617, 949, 839, 2784, 7976, 7023, 2113, 3148, 1725, 5165, 2493, 3958, 545, 5628, 7020, 8117, 6316, 3947, 8534, 267, 6563, 7437, 3723, 2476, 5959, 8742, 1736, 5692, 68, 7605, 5328, 2067, 4416, 3898, 4961, 2597, 413, 393, 836, 1938, 4516, 4443, 3090, 6482, 291, 8181, 7243, 4436, 1261, 3341, 3128, 2896, 3400, 2536, 6992, 3502, 6781, 6755, 3680, 96, 7595, 5458, 8771, 1722, 6799, 6320, 7872, 7882, 1778, 856, 2697, 3735, 7196, 7867, 2283, 6883, 8539, 455, 4166, 2566, 8029, 6693, 3027, 3570, 6654, 7890, 3569, 6619, 847, 351, 5241, 7456, 2734, 6332, 1025, 8019, 4776, 5994, 4611, 2732, 3240, 5575, 6351, 4567, 1270, 6311, 8295, 4400, 989, 3196, 7035, 536, 4207, 7963, 8135, 729, 62, 6069, 8784, 7256, 3695, 8476, 1172, 7692, 3390, 3495, 6554, 2870, 4256, 7632, 6095, 5478, 6198, 4119, 3927, 2921, 7625, 3486, 2494, 3149, 3929, 5969, 8409, 3625, 8622, 703, 7933, 4645, 7870, 1412, 3684, 5444, 2920, 1158, 3710, 6995, 4788, 1555, 4689, 8156, 7706, 556, 5142, 2824, 6707, 2909, 7153, 5347, 7716, 1310, 7641, 1175, 1591, 3018, 1602, 2047, 4354, 6597, 6595, 7132, 3661, 7875, 3119, 3855, 4428, 3790, 607, 6678, 2008, 2296, 54, 6937, 1232, 506, 8378, 6857, 3102, 2071, 4616, 8086, 299, 5991, 2527, 1520, 273, 5045, 7540, 3785, 6163, 8494, 2460, 3459, 6982, 934, 930, 6149, 668, 7372, 710, 4009, 7711, 6381, 5147, 7842, 2504, 6671, 8114, 1582, 8487, 3706, 1106, 2680, 7968, 809, 5713, 3193, 2982, 1854, 8317, 5269, 1753, 6540, 1740, 271, 1967, 4461, 6916, 7623, 2357, 1981, 5664, 4120, 920, 2525, 1253, 5117, 201, 6234, 8579, 1598, 7644, 1318, 5552, 7064, 3594, 4203, 3609, 6193, 8417, 4509, 8271, 7792, 2700, 4192, 1388, 8368, 8851, 2097, 4578, 8837, 2137, 8536, 1248, 7888, 7539, 2049, 2405, 3183, 5811, 5262, 3745, 939, 7598, 2078, 4054, 7068, 6179, 3822, 6627, 5612, 2382, 1355, 8226, 2884, 6868, 5732, 46, 967, 6622, 3618, 906, 1960, 2599, 973, 7848, 3543, 1813, 6160, 6745, 1405, 5148, 4345, 4545, 5075, 5357, 206, 2785, 5299, 1157, 91, 6416, 6137, 1727, 6987, 976, 8830, 2054, 888, 7115, 4132, 7580, 4076, 1916, 7290, 2977, 7061, 3362, 2351, 1569, 2295, 927, 921, 8406, 2341, 266, 1051, 2055, 1907, 2284, 2629, 2850, 3907, 2530, 8205, 1552, 8537, 6574, 5307, 7548, 6792, 3303, 3234, 6660, 6144, 357, 1618, 5810, 3067, 3378, 6357, 6668, 7283, 5756, 215, 5370, 5641, 5747, 6074, 1249, 7686, 5563, 3057, 3170, 2524, 869, 5857, 5024, 1091, 7661, 7736, 6367, 8256, 8746, 4622, 5500, 2832, 4785, 3552, 7191, 400, 7384, 515, 2803, 7942, 1800, 5215, 4214, 1337, 7516, 5753, 3926, 8234, 1683, 840, 4457, 82, 8336, 8584, 1113, 8084, 3536, 7785, 5728, 975, 8861, 7602, 5177, 7756, 2839, 4283, 6349, 800, 2693, 5824, 3825, 3653, 4734, 3889, 6934, 5915, 1101, 3137, 6528, 4225, 2333, 844, 6280, 6269, 655, 79, 4249, 569, 7155, 4098, 8069, 1067, 6340, 743, 7385, 7651, 148, 5874, 7998, 7748, 1971, 84, 159, 320, 4383, 1625, 4674, 4711, 4007, 4769, 451, 1352, 777, 6756, 7144, 3023, 3672, 369, 3800, 2559, 2144, 1671, 805, 6733, 987, 2301, 7327, 7324, 6323, 947, 7503, 8003, 6365, 5711, 8000, 2061, 5343, 281, 5884, 2332, 101, 3572, 4924, 1259, 7292, 6099, 2607, 5510, 2548, 4184, 1821, 5712, 3952, 4940, 1723, 4951, 143, 7682, 2300, 1213, 1794, 1393, 3658, 4406, 5976, 551, 8685, 6629, 5932, 6963, 2640, 8395, 5251, 5192, 8838, 7203, 4605, 4079, 4725, 2581, 2262, 3759, 3607, 1698, 6044, 5161, 1039, 452, 6253, 8563, 88, 4916, 7412, 3910, 1426, 6826, 6665, 7983, 4254, 2017, 7208, 7429, 6948, 4759, 4600, 6821, 5341, 7969, 8247, 1155, 2639, 3727, 344, 728, 6032, 164, 7909, 2286, 7159, 611, 7629, 8351, 3392, 7591, 7517, 7374, 1467, 8720, 6843, 4063, 4140, 327, 4625, 6266, 4591, 6033, 3812, 7859, 8183, 8266, 5032, 755, 3363, 258, 8432, 3464, 8167, 6293, 6487, 7553, 5686, 6235, 965, 6600, 7287, 2754, 6285, 8635, 3395, 2579, 8870, 3698, 4343, 7738, 4641, 1216, 2681, 3537, 40, 1143, 7515, 2621, 5141, 4186, 4047, 6681, 2987, 1162, 5002, 6057, 7675, 5441, 426, 620, 3306, 126, 417, 4797, 4475, 659, 746, 1936, 5694, 3245, 2869, 6596, 5289, 6499, 6901, 8523, 3802, 8238, 1528, 2788, 6048, 8860, 2606, 1703, 3367, 2385, 1255, 1943, 5213, 247, 6250, 6338, 2416, 8257, 614, 6143, 4563, 6408, 4953, 6121, 720, 7452, 712, 2318, 1201, 7600, 2985, 2665, 8884, 2634, 6586, 6910, 7564, 4747, 307, 1030, 5447, 4294, 1733, 6908, 9, 594, 1294, 1078, 6010, 748, 8195, 7985, 1371, 3833, 7004, 6440, 7959, 3461, 47, 4433, 7745, 2073, 3755, 1928, 6975, 7925, 7855, 2140, 4528, 8824, 6403, 5645, 689, 4365, 3634, 1950, 5943, 5101, 1932, 7297, 1952, 1985, 6806, 1917, 8094, 1865, 8469, 4695, 1064, 1760, 4403, 275, 333, 4088, 7880, 3501, 1948, 5468, 5734, 2249, 8415, 4706, 5270, 8722, 8814, 8734, 2334, 7149, 4024, 8866, 4884, 4146, 4180, 2594, 870, 235, 4390, 3004, 5731, 7175, 2654, 7103, 5767, 8349, 5749, 8744, 2902, 2496, 5736, 4018, 3222, 7435, 1979, 7383, 8185, 2974, 2546, 3127, 2876, 2740, 6871, 1183, 8757, 2481, 937, 3940, 7531, 6058, 1489, 4357, 6118, 3233, 3285, 7270, 3944, 1538, 6412, 613, 7122, 2646, 1228, 3352, 4150, 2150, 3345, 7015, 2057, 5812, 1145, 1476, 4366, 4513, 8788, 269, 6985, 1810, 6177, 1319, 6810, 5377, 4320, 3015, 641, 6406, 4300, 7394, 757, 8385, 3711, 4334, 4986, 1898, 7609, 8087, 7865, 3274, 7480, 7116, 8, 6469, 7784, 853, 4198, 5886, 5863, 1822, 7164, 1628, 1953, 5572, 3512, 1195, 6094, 7589, 3099, 8011, 4064, 5889, 7207, 4355, 2487, 692, 4202, 7618, 5930, 1223, 8631, 4138, 4479, 6186, 2139, 7614, 6061, 6238, 2015, 894, 7173, 3500, 7670, 2761, 5053, 6929, 6920, 4392, 2881, 4102, 1323, 3662, 2517, 429, 5691, 4515, 7443, 469, 2226, 6106, 4327, 5182, 8106, 2936, 2449, 1958, 5273, 3582, 7725, 1912, 4010, 8781, 811, 2354, 5847, 719, 645, 377, 2218, 4307, 4845, 694, 5304, 3859, 1669, 3962, 6059, 8410, 2003, 5409, 6729, 5467, 8196, 7092, 6373, 7555, 8723, 4199, 249, 5708, 1856, 7893, 636, 364, 7216, 482, 2955, 8764, 5688, 5052, 8732, 739, 3375, 6109, 4596, 4122, 7634, 8737, 6849, 7581, 463, 2343, 5095, 3550, 2386, 7768, 319, 8477, 8653, 1998, 4733, 6134, 8677, 664, 1961, 1488, 7747, 5706, 7259, 2539, 5386, 2781, 2547, 3673, 2553, 6097, 6568, 3839, 1136, 6043, 6667, 2967, 5194, 3644, 3876, 4713, 7493, 5286, 4965, 944, 6551, 4462, 4278, 4482, 380, 7266, 1648, 4849, 8194, 8169, 1151, 999, 4890, 6088, 4245, 4028, 2240, 3721, 1226, 8359, 8189, 1693, 2350, 3923, 2852, 5496, 964, 6492, 8286, 1306, 383, 3897, 1616, 3694, 4816, 7202, 899, 3679, 4935, 2216, 6396, 5126, 7160, 2718, 6591, 5800, 1601, 8171, 5016, 6213, 5171, 3221, 702, 3084, 2978, 1234, 2105, 4764, 3852, 5504, 4658, 7544, 7914, 1812, 6389, 313, 1837, 7678, 3884, 2914, 2872, 3475, 4440, 8077, 8615, 5183, 5092, 4247, 7643, 2336, 5776, 5472, 72, 1904, 1445, 8397, 151, 4573, 6407, 1053, 4579, 638, 8449, 5937, 8401, 5588, 2837, 6697, 5617, 571, 7455, 1421, 2712, 8745, 4302, 8863, 6861, 8616, 6556, 8298, 1229, 81, 8602, 1240, 2498, 3465, 2251, 1511, 5175, 1341, 8025, 5391, 8480, 228, 433, 8001, 5541, 5320, 5900, 4934, 4939, 5515, 2835, 3615, 7627, 6275, 3516, 7520, 5960, 2742, 5057, 2051, 8314, 2065, 7086, 1279, 8287, 5184, 3675, 6333, 6966, 4519, 4052, 866, 8428, 8134, 2326, 6433, 1831, 749, 4125, 1875, 4554, 6537, 3824, 978, 1026, 2100, 6564, 1110, 8032, 6573, 350, 4919, 2521, 8041, 2630, 3510, 8797, 5324]
